D	 R	 Reg Runtime	Reg Soln	Prun Run	Prun Soln	Decop Run	Decomp Soln	Decomp+Prun	Decomp+Prun Soln
3	 5 	 0.095780	269.400000	0.065977	269.400000	0.040468	269.400000	0.030958	269.400000
3	 6 	 0.200725	370.800000	0.149443	370.800000	0.095367	370.800000	0.086170	370.800000
3	 7 	 0.162169	372.200000	0.124011	372.200000	0.051186	372.200000	0.042465	372.200000
3	 8 	 0.239590	479.400000	0.158602	479.400000	0.085367	479.400000	0.067952	479.400000
3	 9 	 0.298036	660.400000	0.227382	660.400000	0.138828	660.400000	0.116231	660.400000
3	 10 	 0.396810	574.600000	0.273822	574.600000	0.140607	574.600000	0.112857	574.600000
3	 11 	 0.440500	669.200000	0.356209	669.200000	0.152536	669.200000	0.136928	669.200000
3	 12 	 0.437274	879.200000	0.295365	879.200000	0.105277	879.200000	0.084875	879.200000
3	 13 	 0.594337	877.200000	0.484489	877.200000	0.274905	877.200000	0.229635	877.200000
3	 14 	 0.613953	1074.400000	0.467541	1074.400000	0.242961	1074.400000	0.186487	1074.400000
3	 15 	 0.802946	1368.400000	0.571684	1368.400000	0.120949	1368.400000	0.101549	1368.400000
3	 16 	 1.057113	1178.000000	0.769320	1178.000000	0.409819	1178.000000	0.346005	1178.000000
3	 17 	 1.043266	1177.800000	0.720256	1177.800000	0.342389	1177.800000	0.305076	1177.800000
3	 18 	 0.727314	1379.400000	0.469935	1379.400000	0.135360	1379.400000	0.093590	1379.400000
3	 19 	 1.238014	1277.800000	0.752119	1277.800000	0.528401	1277.800000	0.355627	1277.800000
3	 20 	 1.396159	1376.600000	1.085801	1376.600000	0.251694	1376.600000	0.215581	1376.600000
3	 21 	 1.593585	1380.200000	1.161347	1380.200000	0.675716	1380.200000	0.553404	1380.200000
3	 22 	 1.407391	1574.600000	0.946125	1574.600000	0.334959	1574.600000	0.277288	1574.600000
3	 23 	 1.734629	1585.800000	1.132646	1585.800000	0.461500	1585.800000	0.347592	1585.800000
3	 5 	 0.081045	268.400000	0.058053	268.400000	0.023311	268.400000	0.017868	268.400000
3	 6 	 0.159117	366.400000	0.109428	366.400000	0.046874	366.400000	0.034876	366.400000
3	 7 	 0.196588	460.800000	0.142351	460.800000	0.053939	460.800000	0.048104	460.800000
3	 8 	 0.183019	561.400000	0.140812	561.400000	0.070757	561.400000	0.047432	561.400000
3	 9 	 0.290348	580.200000	0.224748	580.200000	0.105071	580.200000	0.092791	580.200000
3	 10 	 0.330660	672.800000	0.292317	672.800000	0.110178	672.800000	0.096151	672.800000
3	 11 	 0.264160	675.400000	0.217177	675.400000	0.094532	675.400000	0.080592	675.400000
3	 12 	 0.614866	778.000000	0.396585	778.000000	0.303386	778.000000	0.235331	778.000000
3	 13 	 0.432279	968.800000	0.307397	968.800000	0.133594	968.800000	0.118677	968.800000
3	 14 	 0.550167	875.600000	0.367667	875.600000	0.238171	875.600000	0.175576	875.600000
3	 15 	 0.955165	881.200000	0.736303	881.200000	0.403215	881.200000	0.345284	881.200000
3	 16 	 1.001727	1177.800000	0.733009	1177.800000	0.274511	1177.800000	0.227895	1177.800000
3	 17 	 0.973719	1181.800000	0.642858	1181.800000	0.369799	1181.800000	0.255137	1181.800000
3	 18 	 1.054953	1373.600000	0.778499	1373.600000	0.330981	1373.600000	0.286401	1373.600000
3	 19 	 1.315618	1375.400000	0.954294	1375.400000	0.395226	1375.400000	0.339782	1375.400000
3	 20 	 1.592083	1477.800000	1.147897	1477.800000	0.522460	1477.800000	0.450774	1477.800000
3	 21 	 1.636396	1676.000000	1.228021	1676.000000	0.866002	1676.000000	0.722046	1676.000000
3	 22 	 1.932708	1767.400000	1.283286	1767.400000	0.520650	1767.400000	0.373426	1767.400000
3	 23 	 1.882758	1776.000000	1.221675	1776.000000	0.550404	1776.000000	0.428552	1776.000000
3	 24 	 2.324103	1770.200000	1.389322	1770.200000	0.859826	1770.200000	0.577538	1770.200000
3	 25 	 3.510728	1882.400000	1.866748	1882.400000	1.990147	1882.400000	0.761138	1882.400000
3	 26 	 2.514869	1881.800000	1.724622	1881.800000	0.851121	1881.800000	0.706237	1881.800000
3	 27 	 2.596740	2068.600000	1.640542	2068.600000	0.991717	2068.600000	0.672808	2068.600000
3	 28 	 2.417672	2181.600000	1.643563	2181.600000	0.683884	2181.600000	0.474019	2181.600000
3	 29 	 4.568438	2085.600000	2.822905	2085.600000	1.197023	2085.600000	0.987432	2085.600000
3	 30 	 3.418102	2471.600000	2.167752	2471.600000	0.960576	2471.600000	0.720228	2471.600000
3	 31 	 3.468400	2578.200000	2.229550	2578.200000	0.706206	2578.200000	0.521965	2578.200000
3	 32 	 2.587401	2577.000000	1.624138	2577.000000	0.507759	2577.000000	0.445529	2577.000000
3	 33 	 4.589410	2484.200000	2.630453	2484.200000	1.693797	2484.200000	0.982019	2484.200000
3	 34 	 4.314930	2588.600000	2.640680	2588.600000	1.204176	2588.600000	0.903459	2588.600000
3	 35 	 8.148782	2587.000000	3.922042	2587.000000	4.256170	2587.000000	1.774242	2587.000000
3	 36 	 5.542625	2684.000000	3.165181	2684.000000	3.212540	2684.000000	1.166205	2684.000000
3	 37 	 7.233776	2974.600000	3.839202	2974.600000	2.802877	2974.600000	1.307740	2974.600000
3	 38 	 4.979229	3178.200000	3.006101	3178.200000	1.140075	3178.200000	0.813384	3178.200000
3	 39 	 22.670314	2986.600000	6.179952	2986.600000	10.662046	2986.600000	3.795782	2986.600000
3	 40 	 8.080263	3283.400000	4.038435	3283.400000	2.498694	3283.400000	1.453247	3283.400000
3	 41 	 9.295067	3179.800000	4.692086	3179.800000	4.534377	3179.800000	1.843008	3179.800000
3	 42 	 6.040055	3679.400000	4.096862	3679.400000	0.676841	3679.400000	0.479150	3679.400000
3	 43 	 7.897226	3385.200000	4.418727	3385.200000	2.909677	3385.200000	1.314348	3385.200000
3	 44 	 18.881853	3385.400000	8.715546	3385.400000	28.484099	3385.400000	4.934415	3385.400000
3	 45 	 18.084663	3681.000000	7.888901	3681.000000	8.704978	3681.000000	2.628585	3681.000000
3	 46 	 13.538247	3676.800000	7.311731	3676.800000	5.745061	3676.800000	3.576112	3676.800000
3	 47 	 12.441106	3589.800000	6.819732	3589.800000	4.097706	3589.800000	1.901061	3589.800000
3	 48 	 20.814913	3691.200000	8.804864	3691.200000	10.157559	3691.200000	4.280527	3691.200000
3	 49 	 14.719414	3979.800000	6.950355	3979.800000	7.746990	3979.800000	3.691645	3979.800000
3	 50 	 33.025523	3988.800000	9.242442	3988.800000	26.877229	3988.800000	4.686915	3988.800000
3	 5 	 0.071004	448.000000	0.058635	448.000000	0.017124	448.000000	0.015175	448.000000
3	 6 	 0.105705	359.600000	0.078191	359.600000	0.032741	359.600000	0.027927	359.600000
3	 7 	 0.183737	464.200000	0.147379	464.200000	0.075624	464.200000	0.069332	464.200000
3	 8 	 0.192250	661.400000	0.157445	661.400000	0.031399	661.400000	0.030176	661.400000
3	 9 	 0.214800	572.000000	0.151739	572.000000	0.061218	572.000000	0.055272	572.000000
3	 10 	 0.343127	671.600000	0.260522	671.600000	0.225222	671.600000	0.151340	671.600000
3	 11 	 0.389532	768.800000	0.295106	768.800000	0.116808	768.800000	0.105649	768.800000
3	 12 	 0.636809	867.600000	0.444686	867.600000	0.178280	867.600000	0.145440	867.600000
3	 13 	 0.528118	971.600000	0.387716	971.600000	0.125507	971.600000	0.110453	971.600000
3	 14 	 0.676271	968.400000	0.472956	968.400000	0.264669	968.400000	0.222527	968.400000
3	 15 	 0.517696	1168.200000	0.339485	1168.200000	0.141201	1168.200000	0.096703	1168.200000
3	 16 	 0.911641	1080.000000	0.611734	1080.000000	0.310625	1080.000000	0.218731	1080.000000
3	 17 	 0.737047	1278.400000	0.519988	1278.400000	0.266832	1278.400000	0.195780	1278.400000
3	 18 	 0.947829	1179.200000	0.677851	1179.200000	0.264754	1179.200000	0.250101	1179.200000
3	 19 	 0.885898	1581.800000	0.604056	1581.800000	0.216516	1581.800000	0.155527	1581.800000
3	 20 	 1.339120	1668.200000	0.904938	1668.200000	0.193608	1668.200000	0.158433	1668.200000
3	 21 	 1.557954	1480.000000	1.046828	1480.000000	0.503999	1480.000000	0.379692	1480.000000
3	 22 	 1.171323	1875.600000	0.785415	1875.600000	0.102935	1875.600000	0.095652	1875.600000
3	 23 	 1.915873	1780.600000	1.170857	1780.600000	0.682405	1780.600000	0.467265	1780.600000
3	 24 	 1.669750	1682.400000	1.224087	1682.400000	0.628873	1682.400000	0.512579	1682.400000
3	 25 	 1.979542	1880.800000	1.225102	1880.800000	0.768326	1880.800000	0.485146	1880.800000
3	 26 	 1.969249	2175.800000	1.291238	2175.800000	0.363308	2175.800000	0.274055	2175.800000
3	 27 	 2.655353	2179.600000	1.663424	2179.600000	0.697756	2179.600000	0.449648	2179.600000
3	 28 	 4.384971	2078.200000	2.609346	2078.200000	2.678851	2078.200000	1.276043	2078.200000
3	 29 	 3.221094	2288.400000	1.977980	2288.400000	1.719246	2288.400000	0.727476	2288.400000
3	 30 	 6.733890	2279.200000	3.386017	2279.200000	3.600911	2279.200000	1.610395	2279.200000
3	 31 	 7.947543	2280.400000	4.019683	2280.400000	5.137613	2280.400000	1.887594	2280.400000
3	 32 	 4.315384	2577.400000	2.447269	2577.400000	1.454045	2577.400000	1.098287	2577.400000
3	 33 	 3.247694	2577.400000	2.332651	2577.400000	1.464471	2577.400000	0.986712	2577.400000
3	 34 	 5.261009	2782.200000	2.721140	2782.200000	1.999087	2782.200000	1.011087	2782.200000
3	 35 	 9.273025	2483.600000	3.990094	2483.600000	4.642820	2483.600000	2.073575	2483.600000
3	 36 	 4.214314	2883.200000	2.348138	2883.200000	1.160339	2883.200000	0.726417	2883.200000
3	 37 	 9.621512	2881.200000	4.436638	2881.200000	4.401605	2881.200000	1.915707	2881.200000
3	 38 	 4.758704	2786.600000	3.081543	2786.600000	0.740669	2786.600000	0.600304	2786.600000
3	 39 	 6.090864	3278.800000	3.432891	3278.800000	1.857474	3278.800000	1.209162	3278.800000
3	 40 	 7.373449	3084.200000	4.109878	3084.200000	1.625053	3084.200000	0.978648	3084.200000
3	 41 	 9.223764	3182.000000	5.188501	3182.000000	4.655970	3182.000000	1.474922	3182.000000
3	 42 	 5.101764	3381.400000	3.054692	3381.400000	1.298474	3381.400000	0.835417	3381.400000
3	 43 	 12.081249	3290.200000	6.080799	3290.200000	4.767114	3290.200000	2.492287	3290.200000
3	 44 	 28.836295	3286.000000	6.244647	3286.000000	20.038789	3286.000000	2.513575	3286.000000
3	 45 	 6.672885	3884.200000	3.642041	3884.200000	1.079898	3884.200000	0.738946	3884.200000
3	 46 	 9.713169	3881.600000	5.571551	3881.600000	3.225523	3881.600000	1.838527	3881.600000
3	 47 	 17.984160	3884.800000	6.102933	3884.800000	6.450961	3884.800000	2.128529	3884.800000
3	 48 	 22.392206	3885.600000	8.011101	3885.600000	11.938440	3885.600000	3.511620	3885.600000
3	 49 	 8.549725	3884.200000	5.438335	3884.200000	3.917167	3884.200000	1.661648	3884.200000
3	 5 	 0.436288	194.600000	0.615430	194.600000	0.395737	194.600000	0.776457	194.600000
3	 6 	 0.379255	178.600000	0.477780	178.600000	0.148276	178.600000	0.612295	178.600000
3	 7 	 1.318227	104.800000	1.441807	104.800000	1.335033	104.800000	1.705847	104.800000
3	 8 	 1.248821	101.400000	1.273664	101.400000	0.565859	101.400000	1.035603	101.400000
3	 9 	 1.283712	300.800000	1.261915	300.800000	1.292958	300.800000	1.691766	300.800000
3	 10 	 1.304737	392.600000	1.589041	392.600000	0.681000	392.600000	1.257347	392.600000
6	 5 	 1.316931	129.800000	1.241668	129.800000	1.314596	129.800000	1.228632	129.800000
6	 6 	 1.524444	133.400000	1.424762	133.400000	0.742217	133.400000	0.660218	133.400000
6	 7 	 2.477451	325.800000	2.599803	325.800000	1.557839	325.800000	1.547200	325.800000
6	 8 	 2.226709	321.800000	1.863150	321.800000	1.769387	368.200000	1.441139	368.200000
6	 9 	 4.021389	232.200000	3.730109	232.200000	1.475931	232.200000	1.340343	232.200000
6	 10 	 8.645214	335.600000	7.900426	335.600000	8.466242	335.600000	7.236899	335.600000
6	 11 	 4.653130	337.800000	4.512610	337.800000	2.246060	337.800000	1.974189	337.800000
6	 12 	 6.585196	433.800000	6.053180	433.800000	6.322504	433.800000	5.692528	433.800000
6	 13 	 7.978896	456.200000	7.588177	456.200000	2.654052	456.200000	2.886078	456.200000
6	 14 	 82.799631	556.800000	17.542795	556.800000	91.437321	556.800000	18.406656	556.800000
6	 15 	 7.992727	789.000000	7.096331	789.000000	6.836094	789.000000	6.569309	789.000000
6	 16 	 13.376611	661.200000	13.706499	661.200000	13.355498	661.200000	13.883405	661.200000
6	 5 	 1.448623	179.200000	1.423258	179.200000	1.355543	179.200000	1.055167	179.200000
6	 6 	 1.124872	334.200000	1.122301	334.200000	0.344940	334.200000	0.338154	334.200000
6	 7 	 1.569657	407.400000	1.761820	407.400000	1.386916	407.400000	1.296888	407.400000
6	 8 	 1.892320	423.600000	1.698106	423.600000	0.817024	423.600000	0.697803	423.600000
6	 9 	 3.824187	256.600000	3.329138	256.600000	1.704958	256.600000	1.272581	256.600000
6	 10 	 2.797476	438.200000	3.041831	438.200000	3.318065	438.200000	3.221824	438.200000
6	 11 	 6.541523	447.800000	5.609792	447.800000	2.495417	447.800000	1.870242	447.800000
6	 12 	 9.586073	446.200000	8.416806	446.200000	10.180438	446.200000	8.240554	446.200000
6	 13 	 68.087303	455.800000	64.858347	455.800000	72.591137	455.800000	67.890379	455.800000
6	 5 	 1.380421	124.800000	1.408719	124.800000	0.422059	124.800000	0.449582	124.800000
6	 6 	 1.702524	225.400000	1.670085	225.400000	0.788010	225.400000	0.799573	225.400000
6	 5 	 1.227436	224.400000	1.050933	224.400000	0.502452	224.400000	0.427393	224.400000
6	 6 	 1.542259	128.400000	1.378213	128.400000	0.663574	128.400000	0.604699	128.400000
6	 7 	 2.307230	238.000000	2.110976	238.000000	0.872387	238.000000	0.796444	238.000000
6	 8 	 2.313009	250.400000	2.218676	250.400000	1.115400	250.400000	1.086411	250.400000
6	 9 	 3.264820	265.600000	2.882953	265.600000	1.343310	265.600000	1.102545	265.600000
6	 10 	 7.795115	233.000000	5.966484	233.000000	7.695127	233.000000	5.958112	233.000000
6	 11 	 12.193627	348.000000	7.339070	348.000000	3.042939	348.000000	2.863842	348.000000
6	 12 	 17.804339	294.600000	15.956587	294.600000	17.761471	294.600000	15.929882	294.600000
6	 13 	 14.905641	391.400000	11.956953	391.400000	14.065382	391.400000	12.021742	391.400000
6	 14 	 145.528082	448.400000	72.722001	448.400000	150.477292	448.400000	87.334080	448.400000
6	 15 	 12.570852	496.200000	11.050978	496.200000	12.527970	496.200000	11.044893	496.200000
6	 16 	 10.518470	576.800000	6.860536	576.800000	8.160303	576.800000	6.696541	576.800000
6	 17 	 84.280670	605.200000	60.504503	605.200000	76.843503	605.200000	64.085504	605.200000
6	 18 	 193.645416	755.200000	147.101248	755.200000	194.838635	755.200000	185.395523	755.200000
6	 19 	 111.135229	848.200000	110.447210	848.200000	111.269337	848.200000	110.539249	848.200000
6	 20 	 65.525410	861.000000	66.787859	861.000000	74.821655	861.000000	92.009640	861.000000
6	 21 	 221.640703	955.000000	153.650358	955.000000	263.722956	955.000000	134.155826	955.000000
6	 22 	 893.128912	907.600000	1704.995309	907.600000	1040.862532	907.600000	959.738949	907.600000
6	 23 	 209.768683	968.600000	220.884565	968.600000	217.009874	968.600000	213.318620	968.600000
6	 24 	 1134.338901	923.400000	1434.976195	923.400000	1412.689619	923.400000	1967.633736	923.400000
6	 25 	 17042.304010	1074.200000	9311.938842	1074.200000	11496.761918	1074.200000	10122.706171	1074.200000
6	 26 	 183.738062	1165.400000	125.399489	1165.400000	134.760792	1165.400000	105.504048	1165.400000
6	 5 	 1.776950	134.200000	1.776656	134.200000	0.674743	134.200000	0.681667	134.200000
6	 6 	 2.125172	129.600000	1.986514	129.600000	0.874699	129.600000	0.854119	129.600000
6	 7 	 2.767912	240.800000	2.603262	240.800000	1.145200	240.800000	1.288710	240.800000
6	 8 	 3.091323	336.800000	3.505090	336.800000	3.277541	455.800000	2.865081	455.800000
6	 9 	 2.929271	342.600000	2.660107	342.600000	1.100726	342.600000	0.983781	342.600000
6	 10 	 7.521550	243.800000	6.653666	243.800000	7.452795	243.800000	6.620563	243.800000
6	 11 	 10.054278	338.800000	9.876213	338.800000	10.087271	338.800000	9.853186	338.800000
6	 12 	 4.971172	356.800000	4.212151	356.800000	2.787692	356.800000	1.983026	356.800000
6	 13 	 11.665602	395.800000	8.886714	395.800000	9.531150	622.200000	8.116434	622.200000
6	 14 	 22.506077	450.600000	20.633524	450.600000	22.592320	450.600000	20.595988	450.600000
6	 15 	 20.037272	651.200000	10.305754	651.200000	5.673055	651.200000	5.040618	651.200000
6	 16 	 614.847636	395.600000	354.632855	395.600000	615.600135	395.600000	354.011734	395.600000
6	 17 	 2418.127298	607.000000	4606.490252	607.000000	1276.613974	1037.800000	5344.895295	1037.800000
6	 18 	 57.877168	667.200000	22.665599	667.200000	40.979497	667.200000	15.926512	667.200000
6	 19 	 32.627630	840.000000	24.114750	840.000000	20.983084	840.000000	14.531106	840.000000
6	 20 	 72.233688	793.000000	43.498094	793.000000	164.115609	793.000000	56.331377	793.000000
6	 21 	 26527.940509	754.400000	14350.385619	754.400000	28302.456946	754.400000	18173.085970	754.400000
6	 22 	 161.791446	1008.400000	201.132307	1008.400000	160.321144	1008.400000	200.462609	1008.400000
6	 23 	 2491.549444	972.600000	3562.208216	972.600000	2485.805702	972.600000	3566.295505	972.600000
6	 24 	 1790.062687	916.800000	644.398105	916.800000	2377.220310	1805.200000	1083.361588	1805.200000
6	 25 	 211.714803	1078.800000	174.157127	1078.800000	206.040194	1078.800000	149.916570	1078.800000
6	 26 	 1957.047368	1108.000000	1516.906370	1108.000000	9385.450153	2042.200000	5445.387262	2042.200000
4	 5 	 0.571964	93.600000	0.608881	93.600000	0.554494	93.600000	0.873855	93.600000
4	 6 	 0.839732	205.600000	0.913255	205.600000	0.370694	205.600000	0.689060	205.600000
4	 7 	 0.981661	300.600000	0.927773	300.600000	0.436757	300.600000	0.748143	300.600000
4	 8 	 1.545518	300.600000	1.510960	300.600000	0.718731	300.600000	1.119075	300.600000
4	 9 	 2.397517	295.200000	2.387430	295.200000	0.976880	295.200000	1.361835	295.200000
4	 10 	 3.359750	324.600000	3.103230	324.600000	3.568851	324.600000	3.255049	324.600000
4	 11 	 5.903999	299.800000	4.801327	299.800000	5.995923	299.800000	5.531217	299.800000
4	 12 	 8.215669	430.000000	8.487771	430.000000	9.990905	430.000000	14.336705	430.000000
4	 13 	 10.991290	425.400000	7.360080	425.400000	4.191385	425.400000	6.623622	425.400000
