D R	Matching T	Matching S	MILP T		MILP Soln
2 1 	 0.196117	21.000000	0.069185	21.000000
2 2 	 0.339792	26.600000	0.101558	26.600000
2 3 	 0.309050	238.000000	0.098777	238.000000
2 4 	 0.303787	325.000000	0.183624	325.000000
2 5 	 2.900131	42.400000	0.322430	42.400000
2 6 	 4.116244	154.000000	0.450287	154.000000
2 7 	 0.758518	344.000000	0.332925	344.000000
2 8 	 2.992753	347.800000	0.322208	347.800000
2 9 	 6.417491	355.400000	0.592674	355.400000
2 10 	 8.187333	732.000000	0.387823	732.000000
2 11 	 6.524418	547.400000	0.652774	547.400000
2 12 	 53.154311	548.400000	1.805059	548.400000
2 13 	 30.024517	738.800000	0.978917	738.800000
2 14 	 3.609314	938.000000	0.839803	938.000000
2 1 	 0.104899	26.000000	0.020262	26.000000
2 2 	 0.108613	35.200000	0.025580	35.200000
2 3 	 0.302211	123.800000	0.040340	123.800000
2 4 	 0.313767	232.400000	0.099698	232.400000
2 5 	 0.303747	339.200000	0.092533	339.200000
2 6 	 0.514848	424.000000	0.124097	424.000000
2 7 	 0.603742	340.200000	0.159409	340.200000
2 8 	 7.799660	442.800000	0.354267	442.800000
2 9 	 0.695236	741.000000	0.281408	741.000000
2 10 	 0.723112	634.800000	0.350249	634.800000
2 11 	 3.656824	641.800000	0.701299	641.800000
2 12 	 4.321213	843.400000	0.749923	843.400000
2 13 	 9.586526	844.600000	0.815326	844.600000
2 1 	 0.104854	36.000000	0.017650	36.000000
2 2 	 0.107641	123.000000	0.039039	123.000000
2 3 	 0.205087	139.400000	0.059761	139.400000
2 4 	 0.310412	231.200000	0.130699	231.200000
2 5 	 2.671670	153.000000	0.118296	153.000000
2 6 	 0.318478	528.000000	0.187612	528.000000
2 7 	 2.959008	336.000000	0.394280	336.000000
2 8 	 1.080406	347.800000	0.390477	347.800000
2 9 	 1.812836	533.400000	0.452759	533.400000
2 10 	 3.423605	546.200000	0.543394	546.200000
2 11 	 17.805863	548.400000	0.491265	548.400000
2 12 	 13.397051	650.400000	0.671474	650.400000
2 13 	 11.974509	845.400000	0.611305	845.400000
2 14 	 54.441757	652.400000	1.107560	652.400000
2 15 	 9.525292	1040.200000	0.785441	1040.200000
2 16 	 103.185754	853.400000	1.968022	853.400000
2 17 	 315.330489	749.600000	1.568192	749.600000
2 18 	 5.419102	1347.600000	1.150594	1347.600000
2 19 	 330.316621	1153.400000	2.508707	1153.400000
2 20 	 30.644323	1357.000000	1.708857	1357.000000
2 21 	 427.711468	1154.200000	5.000672	1154.200000
2 22 	 788.678933	1338.400000	3.897234	1338.400000
2 23 	 193.923692	1539.200000	1.730771	1539.200000
2 24 	 283.861928	1457.600000	4.596401	1457.600000
2 25 	 89.382544	1841.800000	1.887172	1841.800000
2 26 	 8509.862921	1161.000000	3.623903	1161.000000
2 27 	 121.358492	1947.800000	3.915613	1947.800000
2 28 	 5825.685627	1642.800000	11.402327	1642.800000
2 29 	 1768.313779	1950.000000	9.019880	1950.000000
2 30 	 21949.541991	1667.600000	26.516522	1667.600000
2 1 	 0.000000	0.000000	0.023352	21.000000
2 2 	 0.000000	0.000000	0.033099	122.200000
2 3 	 0.000000	0.000000	0.077761	30.200000
2 4 	 0.000000	0.000000	0.128480	132.400000
2 5 	 0.000000	0.000000	0.281941	138.400000
2 6 	 0.000000	0.000000	0.166236	327.000000
2 7 	 0.000000	0.000000	0.171545	526.000000
2 8 	 0.000000	0.000000	0.283110	350.200000
2 9 	 0.000000	0.000000	0.350144	444.800000
2 10 	 0.000000	0.000000	0.540135	436.600000
2 11 	 0.000000	0.000000	0.566229	643.000000
2 12 	 0.000000	0.000000	0.653401	933.400000
2 13 	 0.000000	0.000000	2.121749	648.000000
2 14 	 0.000000	0.000000	1.898894	753.800000
2 15 	 0.000000	0.000000	1.594644	743.600000
2 16 	 0.000000	0.000000	2.334112	554.400000
2 17 	 0.000000	0.000000	2.070780	1048.800000
2 18 	 0.000000	0.000000	1.338014	1155.800000
2 19 	 0.000000	0.000000	1.563004	1444.600000
2 20 	 0.000000	0.000000	2.796117	1248.000000
2 21 	 0.000000	0.000000	2.598649	1146.400000
2 22 	 0.000000	0.000000	2.053223	1447.600000
2 23 	 0.000000	0.000000	3.967961	1351.200000
2 24 	 0.000000	0.000000	2.565962	1253.600000
2 25 	 0.000000	0.000000	45.784876	1452.200000
2 26 	 0.000000	0.000000	4.061696	1942.000000
2 27 	 0.000000	0.000000	6.953065	1646.400000
2 28 	 0.000000	0.000000	5.080533	1949.600000
2 29 	 0.000000	0.000000	45.222730	1759.600000
2 30 	 0.000000	0.000000	22.122882	1958.800000
2 31 	 0.000000	0.000000	10.493691	1952.000000
2 32 	 0.000000	0.000000	85.760034	1861.800000
2 33 	 0.000000	0.000000	31.917258	2058.400000
2 34 	 0.000000	0.000000	478.099057	1957.200000
2 35 	 0.000000	0.000000	119.794987	2546.000000
2 36 	 0.000000	0.000000	42.122382	2458.800000
2 37 	 0.000000	0.000000	12.516992	2559.600000
2 38 	 0.000000	0.000000	21.197597	2363.400000
2 39 	 0.000000	0.000000	35.714870	2758.600000
2 40 	 0.000000	0.000000	51.311707	2263.800000
2 41 	 0.000000	0.000000	372.244372	2754.600000
2 42 	 0.000000	0.000000	205.332524	2360.200000
2 43 	 0.000000	0.000000	14.262139	2957.800000
2 44 	 0.000000	0.000000	284.253488	2969.400000
4 32 	 0.000000	0.000000	8.356184	2015.200000
4 33 	 0.000000	0.000000	663.126661	1804.400000
4 34 	 0.000000	0.000000	283.261405	2006.400000
4 35 	 0.000000	0.000000	91.725628	2118.800000
4 36 	 0.000000	0.000000	94.867164	2116.000000
4 37 	 0.000000	0.000000	913.955681	2310.000000
4 38 	 0.000000	0.000000	52.243659	2307.600000
4 39 	 0.000000	0.000000	85.673644	2412.200000
4 40 	 0.000000	0.000000	75.869519	2512.600000
4 41 	 0.000000	0.000000	74.417298	2705.600000
4 42 	 0.000000	0.000000	28.010379	2814.800000
4 43 	 0.000000	0.000000	97.530439	2802.800000
4 44 	 0.000000	0.000000	146.899002	2900.200000
4 45 	 0.000000	0.000000	184.736385	3008.000000
4 46 	 0.000000	0.000000	1083.538106	3206.400000
4 47 	 0.000000	0.000000	379.179414	3200.600000
4 48 	 0.000000	0.000000	1415.594205	3301.600000
4 49 	 0.000000	0.000000	2089.950330	3409.400000
4 32 	 0.000000	0.000000	15.307372	2101.000000
4 33 	 0.000000	0.000000	234.405871	1812.800000
4 34 	 0.000000	0.000000	371.103916	1912.400000
4 35 	 0.000000	0.000000	293.741581	2013.600000
4 36 	 0.000000	0.000000	31.711715	2114.600000



COMPARING PRUNING AND NON-PRUNING
D R	 Prun Time	Prn Soln	reg Time	reg Soln
4 32 	 6.824428	1811.200000	16.430059	1811.000000
4 32 	 8.411551	1810.200000	62.275968	1810.200000
4 33 	 6.052435	2008.400000	11.986169	1916.200000
4 32 	 4.001159	2207.800000	5.602919	2207.800000
4 33 	 3.789819	2407.600000	4.635669	2407.600000
4 34 	 4.500252	2411.000000	9.320793	2411.000000
4 35 	 3.880281	2793.000000	5.291763	2793.000000
4 36 	 4.750263	2607.000000	6.306558	2607.000000
4 37 	 5.287930	2705.800000	13.880058	2705.800000
4 38 	 7.007730	2705.200000	27.332121	2705.200000
4 39 	 5.401893	2916.000000	8.211270	2916.000000
5 32 	 4.656854	2141.200000	6.477453	2141.200000
5 33 	 5.063552	2229.200000	7.545144	2229.200000
5 34 	 7.005733	2142.400000	13.287123	2142.400000
5 35 	 6.261719	2429.200000	10.313500	2429.200000
5 36 	 7.181921	2533.200000	12.855314	2533.200000
5 37 	 4.121322	2637.200000	6.836586	2637.200000
5 38 	 7.039356	2245.200000	11.914835	2245.200000
5 39 	 7.136356	2428.000000	13.495339	2428.000000
5 40 	 8.103853	2836.200000	50.192724	2836.200000
5 41 	 6.566499	2935.600000	31.225018	2935.600000
5 42 	 11.153591	2940.000000	52.799966	2940.000000
5 43 	 5.576889	3323.600000	9.907208	3323.600000
5 44 	 7.196694	3325.000000	12.977276	3325.000000
5 45 	 8.984972	3237.800000	38.275483	3237.800000
5 46 	 23.377765	3238.400000	48.377846	3238.400000
5 47 	 10.075955	3342.600000	18.130874	3342.600000
5 48 	 15.072522	3534.800000	91.317435	3534.800000
5 49 	 10.427262	3725.400000	16.487357	3725.400000
5 32 	 4.867073	2123.200000	7.377561	2123.200000
5 33 	 5.037867	2413.400000	7.309006	2413.400000
5 34 	 4.660428	2332.000000	6.730682	2332.000000
5 35 	 6.374339	2331.800000	11.448364	2331.800000
5 36 	 6.059227	2630.400000	7.875080	2630.400000
5 37 	 5.563206	2926.600000	10.532124	2926.600000
5 38 	 6.184990	2842.800000	12.599450	2842.800000
5 39 	 7.336697	2527.400000	10.918833	2527.400000
5 40 	 48.235351	2734.600000	315.429795	2734.600000
5 41 	 11.919483	2735.800000	56.432565	2735.800000
5 42 	 16.034028	2939.400000	70.784996	2939.400000
5 43 	 6.420422	3230.800000	8.809417	3230.800000
5 44 	 14.456510	2934.600000	139.116827	2934.600000
5 45 	 10.019951	3136.000000	26.946479	3136.000000
5 46 	 9.143733	3430.600000	22.577050	3430.600000
5 47 	 10.268596	3626.200000	27.016715	3626.200000
5 48 	 20.419771	3238.400000	99.261628	3238.400000
5 49 	 11.855051	3636.200000	21.653036	3636.200000
6 32 	 5.674722	1959.400000	9.555666	1959.400000
6 33 	 5.275190	2149.400000	8.625618	2149.400000
6 34 	 8.643491	2154.800000	67.575689	2154.800000
6 35 	 7.433610	2264.800000	34.152164	2264.800000
6 36 	 10.384417	2357.000000	66.797812	2357.000000
6 37 	 18.034982	2264.600000	99.347884	2264.600000
6 38 	 5.193362	2645.000000	8.441057	2645.000000
6 39 	 6.932248	2661.200000	13.472231	2661.200000
6 40 	 10.775407	2667.800000	26.017672	2667.800000
6 41 	 7.895647	2651.000000	27.258417	2651.000000
6 42 	 6.116350	3157.000000	11.152769	3157.000000
6 43 	 12.153783	2953.000000	28.947648	2953.000000
6 44 	 15.714295	2861.800000	82.840429	2861.800000
6 45 	 9.033684	3264.200000	15.652223	3264.200000
6 46 	 28.630328	3059.200000	139.048627	3059.200000
6 47 	 14.270381	3059.400000	115.189933	3059.400000
6 48 	 87.171439	3168.000000	317.301623	3168.000000
6 49 	 128.163275	3265.400000	498.203984	3265.400000
6 32 	 4.238045	2157.800000	6.147939	2157.800000
6 33 	 7.150567	2259.200000	13.284017	2259.200000
6 34 	 5.826203	2165.200000	13.647544	2165.200000
6 35 	 6.439202	2647.400000	9.494468	2647.400000
6 36 	 17.120739	2250.800000	119.615234	2250.800000
6 37 	 8.102792	2360.200000	29.265234	2360.200000
6 38 	 6.861274	2453.000000	11.475346	2453.000000
6 39 	 32.407873	2460.400000	123.208347	2460.400000
6 40 	 8.861477	2561.200000	18.569754	2561.200000
6 41 	 9.994544	2664.800000	49.152241	2664.800000
6 42 	 11.798711	2555.000000	26.256595	2555.000000
6 43 	 7.616133	2956.000000	13.048956	2956.000000
6 44 	 20.721684	2852.000000	82.885960	2852.000000
6 45 	 18.080777	3054.600000	68.183372	3054.600000
6 46 	 13.816861	3053.000000	52.671198	3053.000000
6 47 	 39.423500	2875.600000	292.388419	2875.600000
6 48 	 123.945575	3064.600000	3841.937088	3064.600000
6 49 	 11.793941	3557.600000	44.999899	3557.600000
7 32 	 3.555368	2274.000000	5.000450	2274.000000
7 33 	 5.236740	2274.200000	8.377054	2274.200000
7 34 	 7.664228	1995.000000	13.491562	1995.000000
7 35 	 11.669494	2084.600000	24.929770	2084.600000
7 36 	 9.438272	2185.000000	14.873941	2185.000000
7 37 	 8.527550	2390.600000	21.779009	2390.600000
7 38 	 12.181865	2378.200000	57.291120	2378.200000
7 39 	 10.445158	2592.200000	19.684322	2592.200000
7 40 	 10.723690	2192.800000	64.037271	2192.800000
7 41 	 18.759865	2581.600000	129.952232	2581.600000
7 42 	 8.441758	2690.000000	30.085055	2690.000000
7 43 	 13.135503	2697.800000	79.540910	2697.800000
7 44 	 9.329520	2601.600000	16.364596	2601.600000
7 45 	 23.894845	2790.800000	121.432628	2790.800000
7 46 	 11.638322	3096.400000	19.091176	3096.400000
7 47 	 48.757020	3276.600000	138.064880	3276.600000
7 48 	 33.600398	2993.200000	177.603998	2993.200000
7 49 	 14.705330	3096.600000	129.417737	3096.600000
7 32 	 12.807477	1787.800000	113.086602	1787.800000
7 33 	 7.874371	1792.400000	24.563965	1792.400000
7 34 	 7.715137	1986.400000	14.186574	1986.400000
7 35 	 11.030789	1984.200000	116.547674	1984.200000
7 36 	 8.029956	2375.800000	13.398795	2375.800000
7 37 	 6.733664	2559.400000	11.262142	2559.400000
7 38 	 8.039299	2469.200000	11.867231	2469.200000
7 39 	 11.236322	2466.600000	105.835186	2466.600000
7 40 	 13.278780	2389.600000	34.946870	2389.600000
7 41 	 9.613772	2584.200000	16.889611	2584.200000
7 42 	 12.347253	2586.800000	26.358668	2586.800000
7 43 	 10.753936	2886.600000	20.403522	2886.600000
7 44 	 32.214927	2780.000000	366.924930	2780.000000
7 45 	 26.175813	2682.800000	152.360176	2682.800000
7 46 	 14.187403	2988.800000	42.280068	2988.800000
7 47 	 16.323210	2696.800000	73.007595	2696.800000
7 48 	 29.035923	3083.400000	112.764271	3083.400000
7 49 	 115.744851	2894.400000	653.736601	2894.400000
8 32 	 10.250088	1811.400000	69.408255	1811.400000
8 33 	 8.749653	1907.800000	15.224602	1907.800000
8 34 	 9.026158	1905.800000	67.246220	1905.800000
8 35 	 9.378831	2184.800000	15.634056	2184.800000
8 36 	 12.707774	2098.400000	50.913913	2098.400000
8 37 	 9.290427	2106.800000	31.928630	2106.800000
8 38 	 12.238007	2118.800000	72.221970	2118.800000
8 39 	 8.190020	2799.200000	13.297159	2799.200000
8 40 	 15.142101	2502.000000	112.589476	2502.000000
8 41 	 21.720802	2307.000000	154.842509	2307.000000
8 42 	 8.109813	2887.400000	12.930488	2887.400000
8 43 	 10.548729	2599.600000	31.516173	2599.600000
8 44 	 14.319740	2610.800000	62.666241	2610.800000
8 45 	 13.901525	2515.400000	75.272783	2515.400000
5 32 	 3.807409	2233.200000	5.284812	2233.200000
5 33 	 8.373175	2228.800000	16.004544	2228.800000
5 34 	 4.828661	2330.600000	20.427254	2330.600000
5 35 	 33.993615	2329.200000	96.706942	2329.200000
5 36 	 6.412228	2438.600000	9.836682	2438.600000
5 37 	 7.896046	2433.600000	29.742457	2433.600000
5 38 	 20.517839	2334.400000	66.480898	2334.400000
5 39 	 7.261102	2536.000000	12.878150	2536.000000
5 40 	 5.763328	2643.800000	8.896416	2643.800000
5 41 	 7.572834	2931.400000	23.238546	2931.400000
5 42 	 9.330703	3330.400000	14.255997	3330.400000
5 43 	 7.977849	2941.200000	12.740982	2941.200000
5 44 	 8.600209	3223.800000	34.352134	3223.800000
5 45 	 10.694296	3235.400000	44.485972	3235.400000
5 46 	 12.872680	3041.000000	92.621342	3041.000000
5 47 	 16.973407	3132.600000	39.634040	3132.600000

PNAS EXAHUSTIVE SEARCH VS MILP
5	2	0.103764	50.000000	0.376429	100.000000
5	3	0.137289	52.000000	0.478417	104.600000
5	4	0.138033	83.000000	0.493690	110.800000
5	5	0.143440	265.000000	0.606210	290.000000
5	6	2.247714	261.000000	0.942049	217.600000
5	7	0.189727	367.000000	1.195031	310.000000
5	8	13.138431	170.200000	6.021943	222.000000
5	9	0.852975	380.800000	1.589637	508.000000
5	10	0.894199	479.800000	1.744742	516.600000
5	2	0.322888	80.000000	0.253313	84.000000
5	3	0.505236	185.000000	0.223125	189.000000
5	4	0.732984	95.000000	0.358397	198.600000
5	5	1.256349	159.600000	0.503441	321.400000
5	6	8.262567	110.800000	2.053089	213.000000
5	7	6.317275	303.600000	1.703283	312.200000
5	2	0.322987	86.000000	0.306824	86.000000
5	3	0.624138	92.600000	0.622307	92.600000
5	4	1.182143	106.600000	1.174760	106.600000
5	5	1.924811	108.200000	1.930957	108.200000
5	2	0.320677	83.000000	0.311254	83.000000
5	3	0.505732	195.000000	0.506093	195.000000
5	4	0.737931	107.000000	0.759206	107.000000
5	5	1.926666	99.600000	3.150828	99.600000
5	6	4.480984	100.000000	10.976966	100.000000
5	7	2.462841	224.400000	4.388326	224.400000
5	8	12.984035	208.400000	17.293583	208.400000
5	2	0.326812	92.000000	0.363023	96.000000
5	3	0.622839	89.400000	0.604432	94.600000
5	4	0.733474	100.200000	0.246737	201.000000
5	5	1.503668	180.600000	1.046030	191.200000
5	6	2.111840	194.200000	1.373040	204.800000
5	2	0.317314	101.000000	0.267179	199.000000
5	3	0.618568	113.400000	0.540876	118.600000
5	4	1.610564	102.200000	0.924535	107.200000
5	5	1.528657	210.400000	1.027377	302.600000
5	6	1.913987	201.400000	1.159214	211.600000
5	7	4.213389	116.800000	1.722923	128.600000
5	2	0.312179	86.000000	0.500517	90.000000
5	3	0.553942	93.000000	0.691835	100.000000
5	4	1.164589	108.400000	0.930445	203.200000
5	2	0.431927	88.000000	0.248955	88.000000
5	3	0.721644	97.400000	0.675391	97.400000
5	4	1.410928	107.400000	1.114522	107.400000
5	5	1.740690	209.000000	1.288840	209.000000
5	6	3.949584	211.600000	1.325440	211.600000
5	7	10.447107	130.600000	1.883944	130.600000
5	8	4.943867	324.000000	1.462329	324.000000
5	9	30.846885	165.600000	5.238738	165.600000
5	2	0.328316	192.000000	0.278480	192.000000
5	3	0.536314	102.000000	0.389162	102.000000
5	4	1.155910	116.200000	0.624632	116.200000
5	5	1.758213	110.600000	0.933373	110.600000
5	6	3.794897	208.400000	1.615607	208.400000
5	7	4.353831	212.200000	1.938587	212.200000
5	8	11.862358	313.200000	2.271241	313.200000
5	9	23.350882	166.800000	7.562268	166.800000
5	10	26.051990	325.000000	2.408438	325.000000
5	11	36.716896	279.000000	5.906241	279.000000
5	12	260.912263	276.800000	79.692322	276.800000
5	13	77.966468	431.200000	10.075469	431.200000
5	14	1140.209889	393.200000	151.796862	393.200000
5	15	198.258662	539.000000	21.674880	539.000000
5	16	558.582026	548.000000	86.794569	548.000000
5	2	0.025693	97.000000	0.324835	97.000000
5	3	0.198896	101.800000	0.576735	101.800000
5	4	0.439946	108.400000	0.701496	108.400000
5	5	0.839741	216.600000	0.894953	215.800000
5	6	4.427221	219.400000	1.390212	219.400000
5	7	4.361051	215.800000	1.626439	215.800000
5	8	16.154356	254.600000	2.285431	221.400000
5	9	66.203612	247.000000	3.035294	240.200000
5	2	0.022373	109.400000	0.304722	109.400000
5	3	1.293445	109.400000	0.534618	109.400000
5	4	1.567581	95.400000	2.728228	95.400000
5	5	0.353801	314.600000	2.295974	215.600000
5	6	7.007264	207.800000	5.266409	207.800000
5	7	0.234917	502.000000	2.893432	310.000000
5	2	1.285538	92.000000	0.303859	92.000000
5	3	2.749034	94.400000	0.552789	94.400000
5	4	3.405950	190.200000	1.239912	190.200000
5	5	4.249648	207.200000	3.150321	207.200000
5	6	4.066659	209.600000	3.216819	209.600000
5	2	0.017644	95.400000	0.303985	95.400000
5	3	0.093404	102.400000	0.540582	102.400000
5	4	0.828329	201.000000	1.036022	201.000000
5	5	19.899070	95.400000	5.506917	112.400000
5	6	1.046900	126.600000	4.583775	126.600000
5	7	0.140163	310.400000	4.779987	310.400000
5	8	10.714787	222.600000	21.805429	222.600000
5	9	67.203754	235.800000	25.244740	235.800000
5	2	0.119634	103.000000	0.412191	103.000000
5	3	1.097854	90.600000	0.705475	90.600000
5	4	0.324375	109.400000	1.353179	109.400000
5	5	0.217478	208.600000	1.200556	208.600000
5	6	50.389234	90.200000	4.884181	115.200000
5	7	312.642010	126.400000	5.154207	126.400000
5	8	42.498570	146.200000	15.394146	146.200000
5	9	17.215127	236.400000	7.335324	236.400000
5	10	88.106924	327.800000	19.445361	327.800000
5	11	49.189335	432.000000	20.328487	432.000000
5	12	1259.005527	304.200000	43.282034	304.200000
2	2	0.076242	60.200000	0.200576	58.000000
2	3	0.091526	154.800000	0.291763	152.400000
2	4	0.141745	166.000000	0.459984	164.000000
2	5	0.110347	357.800000	1.177038	69.200000
2	6	0.124622	390.200000	1.152988	356.000000
2	7	0.128558	458.000000	3.746189	179.600000
2	8	0.147840	589.400000	4.648689	284.000000
2	9	0.113831	745.800000	15.859869	281.800000
2	10	0.107298	844.600000	4.643233	373.600000
2	11	0.113750	945.600000	25.399519	387.200000

PNAS METHOD WITHOUT PREFERRED TIME
2	30	0.319088	2753.600000	0.000000	0.000000
2	31	0.554713	2748.200000	0.000000	0.000000
2	32	0.708570	2886.000000	0.000000	0.000000
2	33	0.578151	2948.800000	0.000000	0.000000
2	34	0.461896	3068.800000	0.000000	0.000000
2	35	0.455785	3189.200000	0.000000	0.000000
2	36	0.494039	3128.600000	0.000000	0.000000
2	37	0.461424	3357.000000	0.000000	0.000000
2	38	0.525001	3474.600000	0.000000	0.000000
2	39	0.667342	3528.600000	0.000000	0.000000
2	40	0.506049	3661.400000	0.000000	0.000000
2	41	0.545616	3749.400000	0.000000	0.000000
6	100	5.572176	8851.200000	0.000000	0.000000
6	101	7.931745	8776.200000	0.000000	0.000000
6	102	8.170882	8951.400000	0.000000	0.000000
6	103	8.440841	8854.200000	0.000000	0.000000
6	100	8.773525	8701.400000	0.000000	0.000000
6	101	8.834350	8919.800000	0.000000	0.000000
6	102	10.010821	8794.600000	0.000000	0.000000
6	103	6.363880	9025.400000	0.000000	0.000000
6	104	18.314081	8832.200000	0.000000	0.000000
6	105	12.583441	9199.000000	0.000000	0.000000
6	106	10.087158	9198.000000	0.000000	0.000000
6	107	16.012467	9527.400000	0.000000	0.000000
6	108	5.072456	9820.800000	0.000000	0.000000
6	109	5.821646	9813.600000	0.000000	0.000000
6	110	14.583845	9655.800000	0.000000	0.000000
6	111	8.522231	9914.600000	0.000000	0.000000
6	112	7.219965	9883.000000	0.000000	0.000000
6	113	7.728291	10149.800000	0.000000	0.000000
6	114	10.071949	10122.800000	0.000000	0.000000
6	115	16.110612	10157.600000	0.000000	0.000000
6	116	11.037272	10398.600000	0.000000	0.000000
6	117	9.039871	10588.200000	0.000000	0.000000
6	118	9.264142	10476.200000	0.000000	0.000000
6	119	16.250781	10555.000000	0.000000	0.000000
6	120	8.223694	10910.600000	0.000000	0.000000
6	121	8.047110	10921.800000	0.000000	0.000000
6	122	8.792991	11123.600000	0.000000	0.000000
6	123	7.961856	11119.000000	0.000000	0.000000
6	124	12.483040	11142.200000	0.000000	0.000000
6	125	39.759859	11256.400000	0.000000	0.000000
6	126	10.764021	11152.600000	0.000000	0.000000
6	127	9.311213	11395.600000	0.000000	0.000000
6	128	16.772057	11598.600000	0.000000	0.000000
6	129	16.305984	11332.000000	0.000000	0.000000
6	130	13.511923	11920.800000	0.000000	0.000000
6	131	25.449938	11252.800000	0.000000	0.000000
6	132	12.887869	12030.400000	0.000000	0.000000
6	133	34.007368	11919.000000	0.000000	0.000000
6	134	11.323112	12320.400000	0.000000	0.000000
6	135	13.929234	12209.000000	0.000000	0.000000
6	136	38.795978	12215.400000	0.000000	0.000000
6	137	21.457378	12271.200000	0.000000	0.000000
6	138	14.796648	12575.000000	0.000000	0.000000
6	139	20.245523	12715.000000	0.000000	0.000000
6	140	9.663596	12920.800000	0.000000	0.000000
6	141	27.793160	12765.800000	0.000000	0.000000
6	142	10.946733	13003.600000	0.000000	0.000000
6	143	17.448595	13059.400000	0.000000	0.000000
6	144	20.222826	13222.200000	0.000000	0.000000
6	145	22.225141	13069.200000	0.000000	0.000000
6	146	19.109993	13291.000000	0.000000	0.000000
6	147	48.584659	13129.600000	0.000000	0.000000
6	148	25.022922	13633.200000	0.000000	0.000000
6	149	26.316307	13490.000000	0.000000	0.000000
6	100	5.269030	8700.800000	0.000000	0.000000
6	101	7.166764	9027.600000	0.000000	0.000000
6	102	10.350617	8999.400000	0.000000	0.000000
6	103	6.669160	8982.000000	0.000000	0.000000
6	104	9.624406	9257.400000	0.000000	0.000000
6	105	6.076826	9441.600000	0.000000	0.000000
6	106	5.506860	9353.400000	0.000000	0.000000
6	107	17.720174	9448.600000	0.000000	0.000000
6	108	10.744318	9621.200000	0.000000	0.000000
6	109	9.798628	9458.200000	0.000000	0.000000
6	110	7.542072	9699.200000	0.000000	0.000000
6	111	12.378622	9918.600000	0.000000	0.000000
6	112	9.141860	10063.800000	0.000000	0.000000
6	113	12.798728	9996.200000	0.000000	0.000000
6	114	8.810435	10281.800000	0.000000	0.000000
6	115	11.517847	10249.000000	0.000000	0.000000
6	116	16.007625	10389.200000	0.000000	0.000000
6	117	10.829554	10371.000000	0.000000	0.000000
6	118	15.865684	10642.800000	0.000000	0.000000
6	119	9.265207	10723.600000	0.000000	0.000000
6	120	21.374037	10828.200000	0.000000	0.000000
6	121	13.433684	10776.600000	0.000000	0.000000
6	122	11.995313	10943.000000	0.000000	0.000000
6	123	13.765683	10979.600000	0.000000	0.000000
6	124	13.866185	10969.600000	0.000000	0.000000
6	125	16.873029	11199.800000	0.000000	0.000000
6	126	24.487595	11151.000000	0.000000	0.000000
6	127	16.682799	11632.600000	0.000000	0.000000
6	128	20.180286	11346.800000	0.000000	0.000000
6	129	29.220509	11620.200000	0.000000	0.000000
6	130	11.418842	11822.000000	0.000000	0.000000
6	131	22.542382	11896.800000	0.000000	0.000000




PNAS NAIVE vs DECOMP MILP
6	100	9.331524	8828.000000	0.000000	0.000000
6	101	5.190092	9054.800000	0.000000	0.000000
6	102	8.618682	9012.800000	0.000000	0.000000
6	103	6.934991	9128.800000	0.000000	0.000000
6	104	11.101906	9316.600000	0.000000	0.000000
6	105	17.258004	8854.600000	0.000000	0.000000
6	106	11.461769	9303.000000	0.000000	0.000000
6	107	7.411165	9646.400000	0.000000	0.000000
6	108	8.800992	9253.200000	0.000000	0.000000
6	109	8.183318	9674.400000	0.000000	0.000000
6	110	15.156793	9696.000000	0.000000	0.000000
6	111	9.717648	9803.600000	0.000000	0.000000
6	112	10.174631	10137.800000	0.000000	0.000000
6	113	29.365277	9753.000000	0.000000	0.000000
6	114	9.971288	10202.600000	0.000000	0.000000
6	115	9.527533	10303.000000	0.000000	0.000000
6	116	12.113223	10515.600000	0.000000	0.000000
6	117	12.841962	10392.600000	0.000000	0.000000
6	118	19.673950	10613.600000	0.000000	0.000000
6	119	18.040432	10769.800000	0.000000	0.000000
21	100	26.498055	7342.400000	0.000000	0.000000
21	101	25.048759	7018.200000	0.000000	0.000000
21	102	18.455804	7173.200000	0.000000	0.000000
21	103	27.183592	7291.000000	0.000000	0.000000
21	104	55.178409	6866.800000	0.000000	0.000000
21	105	30.574496	7183.800000	0.000000	0.000000
21	106	26.499404	7600.000000	0.000000	0.000000
21	100	16.521065	7265.400000	0.000000	0.000000
21	101	37.630185	6936.600000	0.000000	0.000000
21	102	27.375167	6920.200000	0.000000	0.000000
21	103	24.247322	7390.000000	0.000000	0.000000
21	104	67.838609	7115.200000	0.000000	0.000000
21	105	28.779320	7517.200000	0.000000	0.000000
21	106	29.588236	7459.400000	0.000000	0.000000
6	10	0.081295	327.200000	3.630964	249.800000
6	11	0.072858	559.000000	8.692856	157.200000
6	12	0.069332	655.000000	30.580299	372.800000
6	13	0.084592	708.000000	3.918248	178.600000
6	10	0.082844	399.600000	10.389218	159.400000
6	11	0.070549	555.400000	9.124628	155.000000
6	12	0.098118	559.800000	12.525952	178.000000
6	13	0.104195	756.600000	55.631807	172.200000
3	5	2.082708	96.200000	0.664272	96.200000
3	6	3.231234	185.000000	0.336077	185.000000
3	7	2.163725	187.000000	0.672054	187.000000
3	8	8.809678	204.800000	0.623667	304.800000
3	9	6.184878	310.000000	0.560771	310.000000
3	10	7.822556	296.400000	0.668921	296.400000
3	5	10.968024	99.400000	0.970007	99.400000
3	6	1.465185	94.800000	0.419738	94.800000
3	7	2.596679	100.600000	0.744452	100.600000
3	8	46.262716	286.400000	0.658894	386.400000
3	9	114.263773	205.400000	1.063484	205.400000
3	10	16.565737	133.000000	4.203469	308.200000
3	11	32.518378	306.000000	0.743872	306.000000
3	12	429.421676	321.000000	7.701945	321.000000
3	13	112.096629	482.000000	3.528374	615.800000
3	5	1.234111	78.400000	0.380387	78.400000
3	6	0.429265	194.800000	0.393946	294.800000
3	7	1.379707	290.800000	0.617092	391.000000
3	8	19.176822	180.000000	1.475823	213.400000
3	5	7.595569	101.000000	0.892216	101.000000
3	6	22.984896	94.200000	0.637313	94.200000
3	7	5.908452	198.800000	0.498913	198.800000
3	8	286.836021	165.600000	1.234869	209.000000
3	5	0.069402	187.800000	0.198009	187.800000
3	6	5.497787	114.600000	0.960664	114.600000
3	7	10.052830	104.800000	0.990015	104.800000
3	8	1.975881	203.000000	0.785966	203.000000
3	5	8.796616	81.600000	0.723713	81.600000
3	6	23.182466	90.200000	0.990863	90.200000
3	5	8.052888	92.200000	1.004964	92.200000
3	6	4.013955	86.200000	0.683439	86.200000
3	7	79.983915	91.000000	1.389540	91.000000
3	8	2.897713	292.200000	0.783091	292.200000
3	9	2.276835	321.000000	0.885256	321.000000
3	10	764.734758	304.800000	4.104874	304.800000
3	5	2.060575	102.600000	0.556384	102.600000
3	6	9.329666	188.000000	0.993868	188.000000
3	7	2.232293	292.000000	0.654850	292.000000
3	8	10.286544	212.000000	1.035441	212.000000
3	9	837.287946	49.600000	5.874289	117.600000
3	10	57.298742	304.600000	1.469931	304.600000
3	11	96.458534	269.400000	5.874495	320.200000
3	12	176.370040	323.200000	3.159102	323.200000
3	5	4.667246	171.000000	0.495258	171.600000
3	6	11.420337	125.200000	0.945828	135.200000
3	7	34.495984	184.800000	0.727876	187.400000
3	5	12.208845	88.200000	0.892733	88.200000
3	6	0.262649	184.600000	0.510962	184.600000
3	7	51.856398	63.200000	1.566577	109.000000
3	8	57.864534	216.000000	2.293105	216.000000
3	5	6.942192	90.600000	0.727941	90.600000
3	6	11.783555	193.600000	1.514918	193.600000
3	7	153.088977	56.800000	1.465536	94.200000
3	8	2.393896	291.000000	0.802466	291.000000
3	9	99.387175	304.800000	1.987218	304.800000
3	10	345.642318	176.000000	3.225919	176.000000
