D	R	M	k	MILP				RTV				RTV2
3	5	30	4	0.584710	92.000000	2.648418	92.000000	1.493756	92.000000
3	6	30	4	0.729147	106.200000	3.167070	106.200000	3.891141	106.200000
3	7	30	4	1.391212	292.800000	5.799426	292.800000	45.309814	292.800000
3	5	30	4	0.104320	175.800000	0.538379	175.800000	0.034437	175.800000
3	6	30	4	0.337159	280.000000	1.513969	280.000000	2.473460	280.000000
3	5	30	4	0.365077	92.600000	1.564216	92.600000	1.026117	53.000000
3	6	30	4	0.235441	292.800000	1.191907	292.800000	0.105787	292.800000
3	5	30	4	0.316442	100.000000	0.957019	100.000000	2.766390	100.000000
3	6	30	4	0.287951	207.800000	3.002086	207.800000	0.945019	157.800000
3	7	30	4	0.224182	101.600000	1.957809	101.600000	1.445128	101.600000
3	8	30	4	0.778157	108.400000	7.276593	108.400000	180.131889	108.400000
3	5	30	4	0.100753	179.000000	0.476393	179.000000	0.345332	179.000000
3	6	30	4	0.404325	101.800000	2.062514	101.800000	19.169828	101.800000
3	7	30	4	1.702264	109.200000	7.620925	109.200000	25.427922	67.000000
3	8	30	4	0.856620	194.800000	5.743445	194.800000	79.628516	194.800000
3	9	30	4	2.810548	193.800000	33.813765	193.800000	342.348126	193.800000
3	15	30	1	5.777801	1185.600000	11.211603	1185.600000	2.032845	1185.600000
3	15	30	2	14.650548	991.200000	38.450530	991.200000	22.135494	860.200000
3	15	30	3	47.316399	702.400000	129.828000	702.400000	880.499586	0.000000
3	15	20	4	21.469105	398.200000	697.770173	398.200000	1454.627575	0.000000
3	15	21	4	3.396375	397.000000	440.589330	397.000000	837.979771	0.000000
3	15	22	4	0.747919	691.400000	21.187184	691.400000	10.928927	691.400000
3	15	23	4	92.159184	394.600000	514.339833	394.600000	1505.051381	0.000000
3	15	24	4	2.980359	510.400000	151.562581	510.400000	522.404202	0.000000
3	15	25	4	32.263492	502.600000	271.082737	502.600000	1020.322641	0.000000
3	15	26	4	5.337304	705.600000	73.778112	705.600000	713.128485	0.000000
3	15	27	4	3.175857	524.400000	136.438741	524.400000	682.339419	0.000000
3	15	28	4	7.111486	500.800000	299.789192	500.800000	3132.331501	0.000000
3	15	29	4	3.191670	506.800000	154.659072	506.800000	1950.069315	0.000000
3	15	30	4	0.847120	904.000000	13.820003	804.000000	18.554582	804.000000
3	15	31	4	29.907882	514.200000	469.359864	514.200000	532.510490	0.000000
3	15	32	4	37.172841	532.000000	157.086892	532.000000	652.271008	0.000000
3	15	33	4	55.801470	457.400000	372.242616	457.400000	912.621521	0.000000
3	15	34	4	8.166242	535.800000	184.914836	535.800000	1736.381644	0.000000
3	15	35	4	4.315189	568.200000	165.082232	568.200000	1510.453862	0.000000
3	15	36	4	48.060153	548.000000	125.650616	548.000000	1906.818113	0.000000
3	15	37	4	62.072920	638.400000	126.328178	638.400000	4063.741106	0.000000
3	15	38	4	5.409640	578.400000	50.747723	578.400000	502.634777	0.000000
3	15	39	4	4.262131	642.600000	195.232465	642.600000	1215.163799	0.000000
3	15	20	4	3.326712	485.800000	291.184672	485.800000	685.954585	0.000000
3	15	21	4	5.832467	483.600000	419.026884	483.600000	754.594407	0.000000
3	15	22	4	19.592223	493.400000	72.353749	493.400000	640.901672	0.000000
3	15	23	4	4.727159	504.800000	401.491812	504.800000	941.959987	0.000000
3	15	24	4	2.494311	590.000000	49.256374	589.800000	359.069298	589.800000
3	15	25	4	4.625424	416.600000	234.466646	416.600000	1368.492334	0.000000
3	15	26	4	5.987500	418.600000	534.375709	418.600000	622.845170	0.000000
3	15	27	4	6.204583	414.200000	221.964625	414.200000	1261.998597	0.000000
3	15	28	4	24.709771	517.600000	396.716201	517.600000	1295.505675	0.000000
3	15	29	4	5.499592	625.200000	110.116399	625.200000	2851.957178	0.000000
3	15	30	4	14.566524	519.600000	335.406558	519.600000	790.446789	0.000000
3	15	31	4	38.217590	521.800000	309.258810	521.800000	575.258526	0.000000
3	15	32	4	5.965623	710.200000	34.592423	710.200000	688.346181	0.000000
3	15	33	4	3.593129	635.200000	109.253002	635.200000	711.976275	0.000000
3	15	34	4	37.418443	445.600000	275.216943	445.600000	1085.758590	0.000000
3	15	35	4	3.807771	645.600000	60.798748	645.600000	590.748044	0.000000
3	15	36	4	34.344711	540.000000	365.803513	540.000000	3493.805030	0.000000
3	15	37	4	3.916233	628.600000	46.833610	628.600000	1331.002610	0.000000
3	15	38	4	19.978368	733.000000	43.771128	733.000000	1590.005030	0.000000
3	15	39	4	68.341386	556.200000	213.866640	556.200000	595.096401	0.000000
4	15	20	4	3.232736	297.400000	208.778873	297.400000	500.746750	0.000000
3	15	20	4	0.000000	0.000000	1.139350	1539.000000	0.022613	1206.000000
4	15	20	4	0.000000	0.000000	1.519544	1541.000000	0.023397	1108.000000
5	15	20	4	0.000000	0.000000	1.889533	1569.000000	0.025181	1010.000000
6	15	20	4	0.000000	0.000000	2.261380	1556.000000	0.026051	912.000000
3	15	20	4	0.000000	0.000000	1.137532	1556.000000	0.023456	1206.000000
4	15	20	4	0.000000	0.000000	1.527674	1544.000000	0.024676	1213.000000
5	15	20	4	0.000000	0.000000	1.895829	1540.000000	0.025329	1319.000000
6	15	20	4	0.000000	0.000000	2.286161	1586.000000	0.026523	1015.000000
7	15	20	4	0.000000	0.000000	2.669596	1590.000000	0.028625	917.000000
8	15	20	4	0.000000	0.000000	3.057080	1551.000000	0.027037	1231.000000
9	15	20	4	0.000000	0.000000	3.388313	1588.000000	0.030031	926.000000
3	15	20	4	0.000000	0.000000	1.128871	1429.400000	0.026424	1315.000000
4	15	20	4	0.006889	1536.000000	1.516192	1536.000000	0.024802	1429.000000
5	15	20	4	0.000000	0.000000	1.864982	1554.000000	0.026153	1332.000000
6	15	20	4	0.000000	0.000000	2.236162	1457.000000	0.025800	1232.000000
7	15	20	4	0.000000	0.000000	2.624169	1587.000000	0.029850	1027.000000
8	15	20	4	0.000000	0.000000	2.999111	1490.400000	0.032304	1037.400000
9	15	20	4	0.000000	0.000000	3.345333	1610.000000	0.028870	1259.000000
3	15	20	4	0.023939	1365.200000	1.160610	1365.200000	0.031747	1224.800000
4	15	20	4	0.019654	1367.200000	1.509568	1367.200000	0.050497	808.000000
5	15	20	4	0.084438	1387.400000	2.972796	1387.400000	0.051239	736.400000
6	15	20	4	0.047055	1294.200000	2.243918	1294.200000	0.040186	871.400000
7	15	20	4	0.061538	1275.800000	2.977622	1275.800000	0.050091	770.400000
8	15	20	4	0.204608	1213.200000	3.344279	1213.200000	0.059286	809.400000
9	15	20	4	0.128068	870.600000	4.720945	870.600000	0.071514	452.400000
3	15	20	4	0.056272	1352.000000	1.333100	1352.000000	0.088778	1255.200000
4	15	20	4	0.111038	1185.400000	2.146929	1085.400000	0.128227	1001.600000
5	15	20	4	0.235263	1089.000000	3.528122	1089.000000	0.243496	1003.800000
6	15	20	4	0.061359	1371.000000	2.434020	1371.000000	0.140913	953.200000
7	15	20	4	0.067830	1217.800000	2.811453	1217.800000	0.121409	889.600000
8	15	20	4	0.181843	1010.400000	3.476486	1010.400000	0.257265	785.200000
9	15	20	4	0.121764	1048.600000	4.198585	1048.600000	0.115758	688.200000
3	40	30	4	0.287769	3590.600000	5.577420	3590.600000	1.007046	3518.000000
3	40	30	4	2.104287	3400.600000	0.000000	0.000000	33.705863	3399.800000
4	40	30	4	0.836717	3509.200000	0.000000	0.000000	3.222692	3335.800000
5	40	30	4	2.453939	3440.800000	0.000000	0.000000	6.714757	3275.800000
6	40	30	4	1.504303	3476.200000	0.000000	0.000000	2.008344	3296.000000
7	40	30	4	1.207101	3380.000000	0.000000	0.000000	6.763384	3058.000000
8	40	30	4	2.619612	3248.600000	0.000000	0.000000	2.137465	2991.200000
9	40	30	4	5.977288	2850.600000	0.000000	0.000000	18.685523	2506.600000
5	40	30	3	2.102815	3441.200000	0.000000	0.000000	118.396800	3111.200000
5	40	30	4	0.000000	0.000000	0.000000	0.000000	0.958609	3660.600000
5	40	30	5	1.799640	3234.600000	0.000000	0.000000	3.170466	3157.800000
5	40	30	6	1.172689	3531.800000	0.000000	0.000000	5.702194	3263.400000
5	40	30	7	0.000000	0.000000	0.000000	0.000000	2.835501	3472.000000
5	40	30	8	1.906963	3536.000000	0.000000	0.000000	6.492040	3272.400000
5	40	30	9	2.231734	3335.600000	0.000000	0.000000	5.295696	3121.800000
5	40	30	3	169.490763	2952.800000	0.000000	0.000000	221.323581	2869.200000
5	40	30	4	216.826270	2862.800000	0.000000	0.000000	257.685213	2745.400000
5	40	30	5	2670.387153	2768.400000	0.000000	0.000000	502.329385	0.000000
5	20	30	3	0.000000	0.000000	0.000000	0.000000	0.193934	1292.000000
5	20	30	4	0.000000	0.000000	0.000000	0.000000	0.320737	1319.800000
5	20	30	5	0.000000	0.000000	0.000000	0.000000	0.262728	1324.400000
5	20	30	6	0.000000	0.000000	0.000000	0.000000	0.239130	1311.200000
5	20	30	7	0.000000	0.000000	0.000000	0.000000	0.174630	1347.600000
5	20	30	8	0.000000	0.000000	0.000000	0.000000	0.164669	1429.800000
5	20	30	9	0.000000	0.000000	0.000000	0.000000	0.142635	1375.000000
5	40	30	3	0.000000	0.000000	0.000000	0.000000	1.232097	3030.000000
5	40	30	4	0.000000	0.000000	0.000000	0.000000	1.288443	3105.000000
5	40	30	5	0.000000	0.000000	0.000000	0.000000	0.614348	3211.000000
5	40	30	6	0.000000	0.000000	0.000000	0.000000	0.768647	3106.800000
5	40	30	7	0.000000	0.000000	0.000000	0.000000	0.981729	3144.600000
5	20	30	3	19.086340	1315.200000	0.000000	0.000000	0.224210	1402.000000
5	20	30	4	11.059931	1128.800000	0.000000	0.000000	0.339418	1252.200000
5	20	30	5	2.802386	1344.000000	0.000000	0.000000	0.134615	1423.800000
5	20	30	3	16.096961	1076.000000	0.000000	0.000000	0.371104	1076.000000
5	20	30	4	9.159941	1222.400000	0.000000	0.000000	0.285498	1222.400000
5	20	30	5	68.617258	1024.000000	0.000000	0.000000	0.925561	1024.000000
5	20	30	6	2.161358	1413.600000	0.000000	0.000000	0.164558	1413.600000
5	20	30	7	4.895094	1325.800000	0.000000	0.000000	0.262944	1325.800000
5	20	30	8	3.651701	1333.800000	0.000000	0.000000	0.284529	1333.800000
5	100	30	4	0.000000	0.000000	0.000000	0.000000	39.755548	8302.000000
5	101	30	4	0.000000	0.000000	0.000000	0.000000	52.353973	8280.600000
5	102	30	4	0.000000	0.000000	0.000000	0.000000	98.231593	8080.400000
3	30	30	4	0.000000	0.000000	0.000000	0.000000	0.947791	2356.000000
3	31	30	4	0.000000	0.000000	0.000000	0.000000	0.930128	2363.400000
3	32	30	4	0.000000	0.000000	0.000000	0.000000	0.352090	2642.000000
3	33	30	4	0.000000	0.000000	0.000000	0.000000	0.443049	2823.400000
3	34	30	4	0.000000	0.000000	0.000000	0.000000	0.500608	2770.800000
3	35	30	4	0.000000	0.000000	0.000000	0.000000	0.865524	2769.800000
3	36	30	4	0.000000	0.000000	0.000000	0.000000	5.237115	2676.000000
3	37	30	4	0.000000	0.000000	0.000000	0.000000	1.416002	2951.000000
3	38	30	4	0.000000	0.000000	0.000000	0.000000	1.118224	3070.000000
3	39	30	4	0.000000	0.000000	0.000000	0.000000	3.045347	2957.400000
3	40	30	4	0.000000	0.000000	0.000000	0.000000	2.358066	3260.600000
3	41	30	4	0.000000	0.000000	0.000000	0.000000	3.461232	3272.600000
3	42	30	4	0.000000	0.000000	0.000000	0.000000	0.785521	3556.200000
3	43	30	4	0.000000	0.000000	0.000000	0.000000	1.729325	3476.200000
3	44	30	4	0.000000	0.000000	0.000000	0.000000	0.979049	3762.200000
3	45	30	4	0.000000	0.000000	0.000000	0.000000	2.494216	3848.400000
3	46	30	4	0.000000	0.000000	0.000000	0.000000	2.069307	3877.600000
3	47	30	4	0.000000	0.000000	0.000000	0.000000	3.724397	3861.000000
3	48	30	4	0.000000	0.000000	0.000000	0.000000	3.172859	3949.600000
3	49	30	4	0.000000	0.000000	0.000000	0.000000	12.850042	3773.800000
3	50	30	4	0.000000	0.000000	0.000000	0.000000	2.929580	4139.000000
3	51	30	4	0.000000	0.000000	0.000000	0.000000	6.553439	4180.000000
3	52	30	4	0.000000	0.000000	0.000000	0.000000	1.598551	4262.600000



3	10	30	4	3.718400	222.800000	0.000000	0.000000	0.733144	222.800000
3	11	30	4	3.138280	316.600000	0.000000	0.000000	0.936992	316.600000
3	12	30	4	5.702324	305.400000	0.000000	0.000000	5.382138	305.400000
3	13	30	4	3.450158	416.400000	0.000000	0.000000	1.144859	416.400000
3	14	30	4	55.178768	428.400000	0.000000	0.000000	9.679469	428.400000
3	15	30	4	35.165666	811.000000	0.000000	0.000000	22.169266	611.000000
3	16	30	4	35.530102	609.600000	0.000000	0.000000	13.937937	609.600000
3	17	30	4	954.439452	622.200000	0.000000	0.000000	106.372912	622.200000
3	18	30	4	337.204285	647.200000	0.000000	0.000000	87.193410	647.200000
3	19	30	4	680.344770	919.400000	0.000000	0.000000	43.320901	919.400000
3	20	30	4	12.103577	1012.000000	0.000000	0.000000	7.667579	1012.000000
3	21	30	4	75.183893	1021.400000	0.000000	0.000000	72.545545	1021.400000
3	22	30	4	1165.446070	1213.200000	0.000000	0.000000	120.835442	1213.200000
3	10	30	4	4.046799	205.800000	0.000000	0.000000	5.573171	205.800000
3	11	30	4	8.068878	230.400000	0.000000	0.000000	11.163772	230.400000
3	12	30	4	1.579627	512.400000	0.000000	0.000000	0.780631	512.400000
3	13	30	4	8.225295	430.200000	0.000000	0.000000	8.341304	430.200000
3	14	30	4	8.220790	511.000000	0.000000	0.000000	3.355436	511.000000
3	15	30	4	280.304034	424.000000	0.000000	0.000000	59.229226	424.000000
3	16	30	4	6.471773	616.000000	0.000000	0.000000	45.723044	516.000000
3	17	30	4	48.889890	721.800000	0.000000	0.000000	6.647851	721.800000
3	18	30	4	6.906313	1009.200000	0.000000	0.000000	5.113727	809.200000
3	19	30	4	29.803689	827.200000	0.000000	0.000000	36.549617	827.200000
3	20	30	4	474.201252	923.600000	0.000000	0.000000	26.968585	923.600000
3	21	30	4	118.435051	1026.800000	0.000000	0.000000	12.506723	1026.800000
3	22	30	4	1438.529627	1116.400000	0.000000	0.000000	33.001701	1116.400000
3	23	30	4	1342.072632	1227.200000	0.000000	0.000000	14.827215	1227.200000
3	24	30	4	701.893590	1330.400000	0.000000	0.000000	52.272509	1330.400000
3	25	30	4	9100.185559	1411.000000	0.000000	0.000000	124.899067	1411.000000
3	26	30	4	6727.254651	1505.800000	0.000000	0.000000	184.454416	1505.800000
3	10	30	4	0.487069	617.800000	0.000000	0.000000	0.212058	617.800000
3	11	30	4	1.587164	452.200000	0.000000	0.000000	0.359710	550.200000
3	12	30	4	4.089889	537.000000	0.000000	0.000000	0.530557	540.000000
3	13	30	4	24.668175	443.400000	0.000000	0.000000	4.036849	443.400000
3	10	30	4	2.237769	428.600000	0.000000	0.000000	0.277196	428.600000
3	11	30	4	7.366352	335.800000	0.000000	0.000000	2.071797	335.800000
3	12	30	4	1.720984	534.400000	0.000000	0.000000	2.776417	631.200000
3	13	30	4	25.541284	536.600000	0.000000	0.000000	2.810201	536.600000
3	14	30	4	10.462666	459.000000	0.000000	0.000000	11.985605	459.000000
3	15	30	4	35.649971	556.000000	0.000000	0.000000	17.574029	559.800000
3	16	30	4	16.389885	842.200000	0.000000	0.000000	15.607164	842.200000
3	17	30	4	502.970023	664.600000	0.000000	0.000000	20.490153	664.200000
3	18	30	4	86.324554	767.000000	0.000000	0.000000	30.201115	865.200000
3	19	30	4	114.003513	758.200000	0.000000	0.000000	37.443783	758.200000
3	10	30	4	0.000000	0.000000	0.000000	0.000000	0.077992	430.400000
3	11	30	4	0.000000	0.000000	0.000000	0.000000	0.274355	620.000000
3	12	30	4	0.000000	0.000000	0.000000	0.000000	8.599299	530.000000
3	13	30	4	0.000000	0.000000	0.000000	0.000000	0.974867	632.400000
3	14	30	4	0.000000	0.000000	0.000000	0.000000	13.071578	542.400000
3	15	30	4	0.000000	0.000000	0.000000	0.000000	7.372127	639.200000
3	16	30	4	0.000000	0.000000	0.000000	0.000000	10.514789	454.400000
3	17	30	4	0.000000	0.000000	0.000000	0.000000	86.525063	743.200000
3	18	30	4	0.000000	0.000000	0.000000	0.000000	15.001519	749.200000
3	20	30	4	68.048330	660.400000	0.000000	0.000000	43.743645	846.800000
3	21	30	4	38.250837	949.600000	0.000000	0.000000	52.039906	964.400000
3	22	30	4	4.955277	967.600000	0.000000	0.000000	23.104381	967.600000
3	20	30	4	25.186619	757.200000	0.000000	0.000000	132.592391	845.800000
3	20	30	4	225.312996	661.600000	0.000000	0.000000	509.191758	0.000000
3	21	30	4	208.551306	751.600000	0.000000	0.000000	99.432890	754.200000
3	22	30	4	75.520713	570.800000	0.000000	0.000000	512.457100	0.000000
3	23	30	4	162.303595	1058.000000	0.000000	0.000000	398.565907	1063.200000
3	24	30	4	38.591139	867.200000	0.000000	0.000000	78.945530	966.400000
3	25	30	4	175.736956	1074.200000	0.000000	0.000000	57.824646	1353.000000
3	26	30	4	504.838191	1158.200000	0.000000	0.000000	123.929547	1267.200000
3	27	30	4	505.977541	1068.800000	0.000000	0.000000	272.335021	1163.800000
3	28	30	4	95.738371	1560.200000	0.000000	0.000000	90.820306	1560.200000
3	29	30	4	506.990058	1365.800000	0.000000	0.000000	567.324471	0.000000
3	30	30	4	506.758127	1369.800000	0.000000	0.000000	557.023791	0.000000
3	31	30	4	507.077708	1569.000000	0.000000	0.000000	525.227269	0.000000
3	32	30	4	506.991555	1386.400000	0.000000	0.000000	1659.986236	0.000000
3	33	30	4	515.225395	1373.000000	0.000000	0.000000	1313.062454	0.000000
3	34	30	4	511.451149	1786.200000	0.000000	0.000000	528.094033	0.000000
3	35	30	4	511.017913	1690.400000	0.000000	0.000000	536.658304	0.000000
3	36	30	4	511.666819	1783.400000	0.000000	0.000000	1078.835496	0.000000
3	37	30	4	507.737927	2067.600000	0.000000	0.000000	520.468466	0.000000
3	20	30	4	1505.170716	943.000000	0.000000	0.000000	1636.709203	943.000000
3	21	30	4	1508.443585	1039.600000	0.000000	0.000000	8085.285223	1037.800000
3	22	30	4	1507.527904	1155.600000	0.000000	0.000000	2510.055070	1153.000000
3	23	30	4	1512.931822	1230.600000	0.000000	0.000000	21975.491595	1230.600000
3	24	30	4	1507.863680	1340.200000	0.000000	0.000000	1897.678673	1340.000000
3	20	30	4	633.831207	951.600000	0.000000	0.000000	502.739528	951.400000
10	10	30	4	0.000000	0.000000	0.000000	0.000000	135.280088	380.400000
10	20	30	4	0.000000	0.000000	0.000000	0.000000	1522.902891	503.200000
10	30	30	4	0.000000	0.000000	0.000000	0.000000	49138.492471	466.400000
5	10	30	4	0.000000	0.000000	0.000000	0.000000	2.421023	503.200000
5	20	30	4	0.000000	0.000000	0.000000	0.000000	2638.011663	255.200000
5	30	30	4	0.000000	0.000000	0.000000	0.000000	15050.586447	1238.000000
5	40	30	4	0.000000	0.000000	0.000000	0.000000	185679.057348	2215.000000
