1	3	1.200000	75.000000	75.000000	75.000000	75.000000	0.077304	0.072983
1	3	1.200000	31.000000	31.000000	31.000000	31.000000	0.071587	0.072115
1	3	1.200000	142.800000	108.000000	141.600000	108.000000	0.182344	0.187403
2	6	1.200000	184.000000	184.000000	184.000000	184.000000	0.170685	0.170125
2	6	1.200000	31.000000	31.000000	31.000000	31.000000	0.135122	0.128851
2	6	1.200000	90.000000	90.000000	90.000000	90.000000	0.129921	0.126846
3	9	1.200000	260.000000	260.000000	260.000000	260.000000	0.203603	0.201468
3	9	1.200000	207.000000	207.000000	207.000000	207.000000	0.181272	0.207371
3	9	1.200000	181.000000	181.000000	181.000000	181.000000	0.188883	0.188769
4	12	1.200000	221.000000	221.000000	221.000000	221.000000	0.356452	0.224874
4	12	1.200000	213.000000	213.000000	213.000000	213.000000	0.345925	0.330372
4	12	1.200000	383.000000	383.000000	383.000000	383.000000	0.333201	0.331426
5	15	1.200000	294.000000	252.000000	281.800000	253.000000	0.425269	0.427700
5	15	1.200000	297.800000	269.000000	296.600000	269.000000	0.303760	0.307802
5	15	1.200000	342.200000	323.000000	324.000000	324.000000	0.411092	0.389738
6	18	1.200000	505.000000	409.000000	451.400000	413.000000	0.427696	0.437521
6	18	1.200000	583.400000	521.000000	576.200000	521.000000	0.733550	0.713289
6	18	1.200000	332.000000	332.000000	332.000000	332.000000	0.364657	0.359447
7	21	1.200000	344.000000	344.000000	344.000000	344.000000	0.482429	0.472788
7	21	1.200000	420.400000	400.000000	402.000000	402.000000	0.479038	0.471364
7	21	1.200000	285.000000	285.000000	285.000000	285.000000	0.475361	0.489736
8	24	1.200000	498.200000	389.000000	452.400000	390.000000	0.918596	0.788484
8	24	1.200000	465.000000	465.000000	465.000000	465.000000	0.583297	0.566263
8	24	1.200000	500.200000	469.000000	500.200000	469.000000	0.760090	0.764778
9	27	1.200000	630.800000	566.000000	600.400000	568.000000	0.830676	0.832373
9	27	1.200000	612.000000	588.000000	609.600000	588.000000	0.725811	0.738779
1	3	1.200000	1504.000000	4.000000	62.000000	62.000000	0.190107	0.178947
1	3	1.200000	1677.000000	-23.000000	42.000000	42.000000	0.076290	0.076046
1	3	1.200000	117.000000	117.000000	117.000000	117.000000	0.069758	0.069777
2	6	1.200000	743.000000	43.000000	111.000000	111.000000	0.494832	0.489610
2	6	1.200000	2132.000000	132.000000	154.000000	154.000000	0.529749	0.156671
2	6	1.200000	3229.000000	-71.000000	82.000000	82.000000	0.443681	0.524981
3	9	1.200000	3862.000000	162.000000	235.000000	235.000000	0.411361	0.405414
3	9	1.200000	3626.000000	26.000000	124.000000	124.000000	0.500268	0.485098
3	9	1.200000	2763.000000	163.000000	1116.000000	216.000000	0.871949	0.365431
4	12	1.200000	7890.000000	90.000000	240.000000	240.000000	4.016137	0.787899
4	12	1.200000	1037.000000	237.000000	277.000000	277.000000	0.374382	0.358466
4	12	1.200000	7637.000000	37.000000	285.000000	285.000000	1.690458	1.653422
5	15	1.200000	190.000000	190.000000	190.000000	190.000000	0.445400	0.450530
5	15	1.200000	6382.000000	182.000000	997.000000	297.000000	1.158391	1.658744
5	15	1.200000	8212.000000	12.000000	274.000000	274.000000	1.633223	1.124006
6	18	1.200000	11705.000000	205.000000	2919.000000	319.000000	3.703618	3.908787
6	18	1.200000	2839.000000	339.000000	448.000000	448.000000	1.459032	1.068922
6	18	1.200000	7624.000000	24.000000	1556.000000	256.000000	1.753214	1.492101
7	21	1.200000	9592.000000	192.000000	400.000000	400.000000	5.848326	9.996099
7	21	1.200000	4411.000000	311.000000	2357.000000	357.000000	0.615407	0.615088
7	21	1.200000	17476.000000	176.000000	8166.000000	466.000000	6.237261	7.604377
8	24	1.200000	4063.000000	363.000000	2426.000000	526.000000	2.481352	2.358782
8	24	1.200000	8030.000000	330.000000	2822.000000	422.000000	4.591548	2.740775
8	24	1.200000	7930.000000	330.000000	3065.000000	465.000000	3.606803	2.350257
9	27	1.200000	10976.000000	76.000000	2246.000000	446.000000	3.344849	2.866939
9	27	1.200000	8088.000000	188.000000	400.000000	400.000000	4.209777	4.672976
9	27	1.200000	14980.000000	380.000000	4729.000000	529.000000	7.838045	7.065394
10	30	1.200000	21155.000000	155.000000	6816.000000	516.000000	9.408714	6.331230
10	30	1.200000	16271.000000	171.000000	2720.000000	520.000000	10.884883	9.344475
10	30	1.200000	22408.000000	208.000000	11371.000000	571.000000	113.776000	94.584118
11	33	1.200000	23843.000000	-57.000000	3940.000000	540.000000	29.828993	26.847056
11	33	1.200000	25364.000000	564.000000	10675.000000	875.000000	85.683381	12.356685
11	33	1.200000	14270.000000	370.000000	2670.000000	570.000000	12.245274	9.760107
12	36	1.200000	17253.000000	453.000000	9084.000000	684.000000	13.366274	9.231127
12	36	1.200000	16067.000000	567.000000	8040.000000	740.000000	4.207628	3.770650
12	36	1.200000	10962.000000	362.000000	7948.000000	548.000000	31.652764	17.296225
13	39	1.200000	32222.000000	122.000000	7319.000000	719.000000	48.570391	53.464285
13	39	1.200000	21430.000000	430.000000	4529.000000	729.000000	43.281980	32.543074
13	39	1.200000	8208.000000	508.000000	2723.000000	623.000000	4.243778	4.089683
14	42	1.200000	27955.000000	255.000000	6899.000000	899.000000	194.672837	272.757116
14	42	1.200000	25705.000000	405.000000	6858.000000	858.000000	83.831638	75.720222
14	42	1.200000	16160.000000	560.000000	4401.000000	801.000000	7.536104	18.717636
15	45	1.200000	22970.000000	670.000000	9236.000000	836.000000	21.603967	28.527109
15	45	1.200000	31172.000000	372.000000	12413.000000	713.000000	46.904786	37.736416
15	45	1.200000	26391.000000	291.000000	12102.000000	902.000000	28.637010	32.045945
16	48	1.200000	22717.000000	217.000000	2481.000000	581.000000	27.133089	11.552987
16	48	1.200000	18326.000000	626.000000	9394.000000	894.000000	31.389241	20.098611
16	48	1.200000	38936.000000	236.000000	11359.000000	959.000000	64.271603	72.883204
17	51	1.200000	28588.000000	388.000000	7023.000000	923.000000	95.928922	77.209203
17	51	1.200000	48315.000000	215.000000	16714.000000	1114.000000	793.965956	1230.007896
17	51	1.200000	35088.000000	388.000000	17385.000000	885.000000	210.887302	269.035422
18	54	1.200000	34231.000000	531.000000	12011.000000	1011.000000	91.102511	108.358881
18	54	1.200000	33991.000000	691.000000	12603.000000	1103.000000	164.355587	225.326558
18	54	1.200000	34503.000000	403.000000	7694.000000	994.000000	144.452992	205.517238
19	57	1.200000	28904.000000	304.000000	4400.000000	900.000000	72.339471	46.846129
19	57	1.200000	29228.000000	228.000000	10970.000000	970.000000	40.468801	44.781144
19	57	1.200000	38112.000000	712.000000	17615.000000	1215.000000	144.091612	105.877731
20	60	1.200000	38354.000000	554.000000	14678.000000	1178.000000	132.039620	166.808040
20	60	1.200000	26983.000000	383.000000	4105.000000	1005.000000	575.185691	2211.710399
20	60	1.200000	44008.000000	708.000000	14937.000000	1237.000000	928.459379	1560.987406
21	63	1.200000	38877.000000	577.000000	11039.000000	1339.000000	475.567558	464.643454
21	63	1.200000	35899.000000	499.000000	9675.000000	1175.000000	227.218645	185.870823
21	63	1.200000	42823.000000	423.000000	16736.000000	1136.000000	66.145748	35.098292
22	66	1.200000	23782.000000	782.000000	5414.000000	1314.000000	20.094520	20.221616
22	66	1.200000	38431.000000	731.000000	19427.000000	1327.000000	91.089861	85.384450
22	66	1.200000	33545.000000	645.000000	10167.000000	1167.000000	130.207363	323.172252
23	69	1.200000	49772.000000	872.000000	22003.000000	1403.000000	147.464981	135.456632
23	69	1.200000	32390.000000	890.000000	4990.000000	1390.000000	600.671860	825.723225
23	69	1.200000	29604.000000	804.000000	8329.000000	1229.000000	240.367343	130.239911
24	72	1.200000	46673.000000	573.000000	23743.000000	1443.000000	492.296651	443.181542
24	72	1.200000	48884.000000	884.000000	24222.000000	1422.000000	416.971727	384.317386
24	72	1.200000	49950.000000	750.000000	16596.000000	1496.000000	488.117680	432.102943
25	75	1.200000	39298.000000	798.000000	22211.000000	1411.000000	222.716820	214.182061
25	75	1.200000	38173.000000	973.000000	15588.000000	1388.000000	186.812262	193.100057
25	75	1.200000	48277.000000	677.000000	21616.000000	1416.000000	1003.303816	3744.661541
26	78	1.200000	59812.000000	1112.000000	30287.000000	1887.000000	803.096695	636.583884
26	78	1.200000	61983.000000	583.000000	23421.000000	1521.000000	559.419678	384.862677
26	78	1.200000	35132.000000	732.000000	11957.000000	1557.000000	138.142320	169.679527
27	81	1.200000	49529.000000	929.000000	16252.000000	1852.000000	330.713328	560.558992
27	81	1.200000	54186.000000	586.000000	13355.000000	1555.000000	705.847027	614.376102
27	81	1.200000	65864.000000	264.000000	33824.000000	1424.000000	2464.900955	5206.830685
28	84	1.200000	46892.000000	892.000000	19765.000000	1565.000000	2896.716134	5909.430172
1	3	1.200000	26.000000	26.000000	26.000000	26.000000	0.080151	0.070932
1	3	1.200000	25.000000	25.000000	25.000000	25.000000	0.069735	0.070255
1	3	1.200000	144.000000	144.000000	144.000000	144.000000	0.186860	0.181227
1	3	1.200000	54.000000	54.000000	54.000000	54.000000	0.068577	0.067858
1	3	1.200000	117.000000	117.000000	117.000000	117.000000	0.065747	0.068411
2	6	1.200000	138.000000	138.000000	138.000000	138.000000	0.117500	0.119361
2	6	1.200000	64.000000	64.000000	64.000000	64.000000	0.119888	0.124266
2	6	1.200000	96.000000	96.000000	96.000000	96.000000	0.129028	0.141180
3	9	1.200000	105.000000	105.000000	105.000000	105.000000	0.187826	0.180913
3	9	1.200000	193.000000	193.000000	193.000000	193.000000	0.255713	0.267267
3	9	1.200000	152.000000	152.000000	152.000000	152.000000	0.268678	0.178336
4	12	1.200000	198.000000	198.000000	198.000000	198.000000	0.309033	0.238283
4	12	1.200000	251.000000	251.000000	251.000000	251.000000	0.320288	0.391860
4	12	1.200000	150.000000	150.000000	150.000000	150.000000	0.284024	0.313045
5	15	1.200000	246.800000	218.000000	246.800000	218.000000	0.485360	0.490469
5	15	1.200000	330.000000	330.000000	330.000000	330.000000	0.324723	0.391260
5	15	1.200000	344.000000	302.000000	344.000000	302.000000	0.483309	0.479523
6	18	1.200000	305.800000	271.000000	271.000000	271.000000	0.442362	0.440686
6	18	1.200000	326.000000	326.000000	326.000000	326.000000	0.448092	0.382791
6	18	1.200000	393.800000	353.000000	393.800000	353.000000	0.370321	0.427729
7	21	1.200000	350.200000	307.000000	324.200000	317.000000	0.809981	0.876226
7	21	1.200000	409.200000	384.000000	408.000000	384.000000	0.492789	0.494817
7	21	1.200000	426.800000	386.000000	425.600000	386.000000	0.671221	0.669719
8	24	1.200000	501.600000	450.000000	481.000000	451.000000	0.694728	0.659425
8	24	1.200000	544.400000	452.000000	539.600000	452.000000	0.783549	0.780331
8	24	1.200000	493.000000	493.000000	493.000000	493.000000	0.786130	0.795189
9	27	1.200000	674.200000	643.000000	674.200000	643.000000	0.803291	0.800667
9	27	1.200000	526.600000	481.000000	508.600000	487.000000	0.651426	0.719333
9	27	1.200000	726.000000	648.000000	726.000000	648.000000	1.172117	1.245458
10	30	1.200000	345.000000	345.000000	345.000000	345.000000	0.685542	0.661265
10	30	1.200000	729.200000	644.000000	723.600000	648.000000	2.103048	2.101229
10	30	1.200000	572.000000	572.000000	572.000000	572.000000	1.158815	1.198444
11	33	1.200000	655.600000	568.000000	612.600000	573.000000	1.412618	1.227289
11	33	1.200000	612.000000	546.000000	596.200000	547.000000	0.910547	0.952702
11	33	1.200000	725.600000	614.000000	693.200000	614.000000	1.266251	1.247216
12	36	1.200000	837.200000	710.000000	803.400000	717.000000	1.724258	1.745851
12	36	1.200000	843.000000	663.000000	834.600000	663.000000	2.156817	2.136101
12	36	1.200000	932.600000	767.000000	927.800000	767.000000	2.166322	1.828768
13	39	1.200000	818.600000	749.000000	813.800000	749.000000	1.634152	1.544165
13	39	1.200000	948.000000	810.000000	912.400000	814.000000	3.026557	2.767191
13	39	1.200000	749.200000	712.000000	717.000000	717.000000	1.974521	1.987553
14	42	1.200000	846.400000	742.000000	816.200000	749.000000	1.654873	1.620952
14	42	1.200000	959.000000	893.000000	959.000000	893.000000	1.625848	1.672361
14	42	1.200000	745.000000	607.000000	669.200000	626.000000	1.969869	2.000363
15	45	1.200000	1132.400000	1058.000000	1132.400000	1058.000000	1.770695	1.839984
15	45	1.200000	1029.600000	930.000000	1023.600000	930.000000	1.710637	1.723905
15	45	1.200000	1212.800000	1160.000000	1211.600000	1160.000000	1.662244	1.657475
16	48	1.200000	732.400000	622.000000	706.200000	627.000000	1.462218	1.475864
16	48	1.200000	954.800000	878.000000	951.200000	878.000000	1.830948	1.838961
16	48	1.200000	916.400000	812.000000	883.200000	816.000000	1.793757	1.725384
17	51	1.200000	1440.200000	1253.000000	1435.400000	1253.000000	3.652330	3.180331
17	51	1.200000	904.000000	862.000000	890.600000	863.000000	1.769030	1.835939
17	51	1.200000	1497.200000	1322.000000	1462.000000	1324.000000	2.653602	2.787490
18	54	1.200000	833.000000	833.000000	833.000000	833.000000	2.338550	2.357330
18	54	1.200000	1137.000000	1137.000000	1137.000000	1137.000000	2.591211	2.552388
18	54	1.200000	1489.400000	1361.000000	1442.600000	1367.000000	1.934637	1.909149
19	57	1.200000	1305.400000	1105.000000	1257.600000	1116.000000	4.157754	3.578773
19	57	1.200000	1185.800000	1019.000000	1173.200000	1028.000000	2.312952	2.264416
19	57	1.200000	1396.400000	1226.000000	1346.800000	1234.000000	2.796620	2.739935
20	60	1.200000	1295.000000	1169.000000	1235.000000	1169.000000	4.331620	4.353308
20	60	1.200000	1137.600000	966.000000	1093.800000	987.000000	2.496419	2.220240
20	60	1.200000	1300.400000	1154.000000	1300.400000	1154.000000	2.638341	2.398775
21	63	1.200000	1075.000000	943.000000	1058.800000	946.000000	2.745026	2.935987
21	63	1.200000	1435.600000	1186.000000	1378.000000	1192.000000	5.483451	4.329264
21	63	1.200000	1450.800000	1104.000000	1316.200000	1117.000000	12.415194	11.164014
22	66	1.200000	1367.800000	1147.000000	1341.400000	1147.000000	16.198602	15.103998
22	66	1.200000	1445.000000	1127.000000	1317.600000	1164.000000	4.421292	3.397473
22	66	1.200000	1515.400000	1255.000000	1509.400000	1255.000000	3.744062	3.466849
23	69	1.200000	1274.200000	1117.000000	1209.200000	1124.000000	3.177594	2.904045
23	69	1.200000	1878.200000	1631.000000	1866.200000	1637.000000	10.021080	10.487660
23	69	1.200000	1530.000000	1314.000000	1453.800000	1323.000000	9.158674	9.078518
24	72	1.200000	1233.600000	894.000000	1161.400000	913.000000	5.015930	4.924746
24	72	1.200000	1591.400000	1385.000000	1542.600000	1395.000000	4.188542	3.897923
24	72	1.200000	1290.000000	1140.000000	1247.600000	1142.000000	3.853249	3.383100
25	75	1.200000	1543.600000	1474.000000	1543.600000	1474.000000	4.302309	4.261990
25	75	1.200000	1484.000000	1208.000000	1465.200000	1212.000000	4.369836	3.917095
25	75	1.200000	1909.400000	1553.000000	1882.400000	1556.000000	6.556843	7.221235
26	78	1.200000	1706.800000	1486.000000	1579.200000	1494.000000	4.170487	4.056273
26	78	1.200000	2068.400000	1838.000000	2051.000000	1841.000000	5.429893	5.395448
26	78	1.200000	1827.000000	1551.000000	1778.400000	1572.000000	6.948215	6.129125
27	81	1.200000	1646.200000	1465.000000	1606.600000	1471.000000	3.850644	3.752649
27	81	1.200000	1445.600000	1190.000000	1374.400000	1204.000000	5.238851	5.429541
27	81	1.200000	1733.800000	1609.000000	1726.600000	1609.000000	3.846158	4.091319
28	84	1.200000	2262.400000	1876.000000	2203.400000	1883.000000	13.798881	11.937184
28	84	1.200000	1774.000000	1480.000000	1690.600000	1489.000000	5.596304	5.053797
28	84	1.200000	2274.400000	1924.000000	2195.600000	1940.000000	5.696883	5.383522
29	87	1.200000	1946.400000	1494.000000	1910.800000	1504.000000	8.022735	7.582069
29	87	1.200000	2167.000000	1693.000000	2065.200000	1722.000000	11.124567	9.985993
29	87	1.200000	1927.200000	1686.000000	1793.400000	1707.000000	3.816314	3.674121
30	90	1.200000	2376.400000	1816.000000	2288.000000	1856.000000	10.405087	10.766602
30	90	1.200000	1718.400000	1458.000000	1662.000000	1464.000000	5.698386	5.707136
30	90	1.200000	1989.600000	1608.000000	1879.800000	1623.000000	10.286518	8.744991
31	93	1.200000	2113.200000	1722.000000	2044.600000	1729.000000	6.853031	6.470141
31	93	1.200000	2322.000000	2004.000000	2282.800000	2008.000000	11.932987	9.994275
31	93	1.200000	2201.600000	1964.000000	2176.800000	1968.000000	6.962644	6.534396
32	96	1.200000	2228.200000	1885.000000	2134.400000	1940.000000	6.528179	6.572002
32	96	1.200000	2352.200000	1985.000000	2313.600000	2016.000000	5.657702	5.910512
32	96	1.200000	2415.400000	1867.000000	2288.200000	1891.000000	9.623664	9.728351
33	99	1.200000	2306.400000	1968.000000	2280.000000	1968.000000	9.010486	8.746507
33	99	1.200000	2862.200000	2285.000000	2737.200000	2304.000000	15.842839	18.706009
33	99	1.200000	2494.200000	1947.000000	2335.400000	1979.000000	13.602158	12.498436
34	102	1.200000	2551.800000	2103.000000	2454.000000	2130.000000	10.445131	10.751842
34	102	1.200000	2706.000000	2208.000000	2683.400000	2213.000000	11.230396	10.073746
34	102	1.200000	2386.800000	1968.000000	2339.400000	1983.000000	9.667247	8.723974
35	105	1.200000	2692.800000	2202.000000	2595.200000	2234.000000	8.770661	8.106644
35	105	1.200000	2200.800000	1764.000000	2073.800000	1793.000000	9.634637	9.182864
35	105	1.200000	2332.400000	1916.000000	2223.000000	1959.000000	9.367236	8.697754
36	108	1.200000	2379.000000	2031.000000	2348.400000	2034.000000	8.859462	8.235521
36	108	1.200000	2603.600000	2186.000000	2495.600000	2210.000000	9.115496	9.119770
36	108	1.200000	2635.200000	2238.000000	2569.800000	2247.000000	9.270490	8.636414
37	111	1.200000	2318.000000	1868.000000	2271.600000	1884.000000	9.721491	8.002591
37	111	1.200000	3623.000000	2861.000000	3476.400000	2874.000000	29.113687	22.590278
37	111	1.200000	2704.400000	2024.000000	2536.600000	2071.000000	24.954732	13.169178
38	114	1.200000	2684.200000	2239.000000	2535.800000	2261.000000	18.183100	16.704974
38	114	1.200000	2501.200000	1990.000000	2416.800000	2022.000000	12.523677	12.257768
38	114	1.200000	2802.000000	2322.000000	2712.000000	2334.000000	11.060912	10.478193
39	117	1.200000	2206.200000	1923.000000	2089.000000	1927.000000	7.502436	7.501139
39	117	1.200000	2577.400000	2173.000000	2518.200000	2175.000000	9.152397	8.252938
39	117	1.200000	2494.800000	1938.000000	2432.000000	1958.000000	14.063347	11.738747
40	120	1.200000	3211.800000	2763.000000	3072.800000	2780.000000	10.754876	11.465547
40	120	1.200000	2619.400000	2095.000000	2542.200000	2109.000000	16.073527	15.380693
40	120	1.200000	2941.000000	2563.000000	2911.400000	2567.000000	10.164866	9.329558
41	123	1.200000	3166.400000	2672.000000	3114.200000	2675.000000	11.789813	11.019074
41	123	1.200000	3002.600000	2435.000000	2930.600000	2471.000000	18.789900	14.073832
41	123	1.200000	2805.000000	2385.000000	2743.000000	2389.000000	12.994173	12.310331
42	126	1.200000	3056.200000	2455.000000	2956.600000	2473.000000	14.160876	13.535365
42	126	1.200000	2971.000000	2329.000000	2844.000000	2352.000000	12.112946	11.616384
42	126	1.200000	2946.600000	2457.000000	2841.000000	2475.000000	13.122445	13.212715
43	129	1.200000	2999.200000	2560.000000	2938.200000	2571.000000	11.508726	10.860555
43	129	1.200000	2947.400000	2525.000000	2919.200000	2528.000000	17.725208	17.384089
43	129	1.200000	2942.800000	2380.000000	2790.400000	2410.000000	28.696229	26.354226
44	132	1.200000	3502.200000	2889.000000	3366.400000	2920.000000	15.601268	15.242674
44	132	1.200000	3217.200000	2784.000000	3108.000000	2802.000000	11.460254	11.690888
44	132	1.200000	3242.400000	2712.000000	3106.800000	2730.000000	13.138979	12.637535
45	135	1.200000	3127.000000	2551.000000	2993.000000	2597.000000	16.086763	14.610686
45	135	1.200000	3245.600000	2792.000000	3149.800000	2809.000000	12.127615	11.574777
45	135	1.200000	3382.800000	2826.000000	3346.200000	2841.000000	22.392806	21.842679
46	138	1.200000	3075.400000	2437.000000	2845.000000	2461.000000	15.116953	14.399907
46	138	1.200000	3206.200000	2635.000000	3058.000000	2662.000000	15.824358	15.687914
46	138	1.200000	3302.200000	2683.000000	3231.200000	2696.000000	20.116413	18.490672
47	141	1.200000	3026.000000	2318.000000	2869.200000	2358.000000	20.581328	26.242293
47	141	1.200000	3342.400000	2656.000000	3273.800000	2675.000000	18.452349	17.452455
47	141	1.200000	3469.800000	2751.000000	3393.800000	2771.000000	23.262463	21.908634
48	144	1.200000	3976.800000	3024.000000	3836.000000	3074.000000	57.019818	44.151082
48	144	1.200000	4063.000000	3205.000000	3958.400000	3224.000000	25.923633	23.598449
48	144	1.200000	3714.000000	2988.000000	3575.200000	3034.000000	42.753974	38.019053
49	147	1.200000	3336.200000	2669.000000	3205.400000	2699.000000	15.510528	16.115842
49	147	1.200000	3339.400000	2659.000000	3272.000000	2672.000000	18.854122	18.353534
49	147	1.200000	3203.400000	2619.000000	3067.800000	2643.000000	19.509906	19.446228
50	150	1.200000	3286.800000	2778.000000	3198.400000	2782.000000	21.691165	21.931934
50	150	1.200000	3908.000000	3206.000000	3812.200000	3217.000000	34.438179	33.879755
50	150	1.200000	3499.000000	2689.000000	3371.200000	2740.000000	40.280261	26.935848
51	153	1.200000	4279.000000	3595.000000	4233.200000	3602.000000	28.874387	31.750149
51	153	1.200000	3485.800000	2647.000000	3305.000000	2675.000000	93.996707	49.495301
51	153	1.200000	4184.200000	3199.000000	3995.600000	3212.000000	41.510240	59.290081
52	156	1.200000	3495.600000	2904.000000	3269.600000	2930.000000	20.178322	19.952935
52	156	1.200000	4156.800000	3432.000000	4042.200000	3453.000000	47.318649	40.144988
52	156	1.200000	3829.600000	3040.000000	3675.000000	3075.000000	24.258989	21.798913
53	159	1.200000	3777.200000	3134.000000	3658.800000	3150.000000	20.691268	19.142576
53	159	1.200000	4101.000000	3063.000000	4031.200000	3154.000000	199.204598	221.206895
53	159	1.200000	3285.400000	2791.000000	3257.600000	2804.000000	16.484166	16.247077
54	162	1.200000	3401.400000	2769.000000	3242.400000	2802.000000	23.940200	21.359756
54	162	1.200000	3853.400000	3089.000000	3737.000000	3113.000000	31.496911	28.143733
54	162	1.200000	3479.400000	2817.000000	3328.600000	2839.000000	23.869248	22.013434
55	165	1.200000	4526.400000	3660.000000	4417.200000	3720.000000	277.857502	240.156589
55	165	1.200000	4288.200000	3411.000000	4109.000000	3449.000000	26.400577	25.869009
55	165	1.200000	4286.000000	3392.000000	4251.800000	3449.000000	155.810342	126.892851
56	168	1.200000	3958.000000	3166.000000	3865.400000	3203.000000	35.871482	31.742316
56	168	1.200000	3982.600000	3193.000000	3800.200000	3217.000000	122.280961	117.272753
56	168	1.200000	3851.000000	3101.000000	3737.600000	3134.000000	26.091708	25.371692
57	171	1.200000	4480.600000	3649.000000	4383.600000	3690.000000	490.721674	146.311739
57	171	1.200000	3965.400000	3165.000000	3821.000000	3197.000000	35.588174	31.612485
57	171	1.200000	4299.400000	3211.000000	4154.000000	3308.000000	61.842717	46.327440
58	174	1.200000	4171.200000	3516.000000	4110.800000	3530.000000	62.954441	42.188699
58	174	1.200000	4204.200000	3435.000000	4127.200000	3454.000000	63.593736	70.641847
58	174	1.200000	4291.000000	3469.000000	4129.200000	3498.000000	29.129024	26.616461
59	177	1.200000	4286.400000	3414.000000	4173.600000	3438.000000	113.795858	71.316050
59	177	1.200000	5104.200000	4047.000000	4945.800000	4089.000000	90.413673	70.058139
59	177	1.200000	4269.400000	3469.000000	4116.200000	3491.000000	27.381131	21.256942
60	180	1.200000	4364.600000	3611.000000	4212.000000	3630.000000	36.252481	31.886049
60	180	1.200000	4882.000000	3826.000000	4730.400000	3912.000000	59.094101	57.028479
60	180	1.200000	4872.800000	3938.000000	4757.200000	3964.000000	55.000635	46.739895
61	183	1.200000	4422.600000	3423.000000	4299.000000	3441.000000	36.932837	33.944723
61	183	1.200000	4578.600000	3741.000000	4468.200000	3759.000000	56.051987	49.274360
61	183	1.200000	4603.800000	3765.000000	4507.600000	3772.000000	77.528398	89.153879
62	186	1.200000	4650.000000	3558.000000	4473.600000	3582.000000	48.865146	38.366034
62	186	1.200000	4249.200000	3432.000000	4151.400000	3489.000000	91.905365	53.715270
62	186	1.200000	5358.200000	4205.000000	5200.400000	4256.000000	367.477311	297.869170
63	189	1.200000	4790.400000	3798.000000	4647.200000	3818.000000	137.587563	70.443910
63	189	1.200000	4716.200000	3617.000000	4526.800000	3664.000000	46.897713	39.029006
63	189	1.200000	4753.800000	3837.000000	4558.200000	3855.000000	39.151745	35.955499
64	192	1.200000	4986.400000	4060.000000	4879.400000	4139.000000	266.008250	259.575588
64	192	1.200000	4793.600000	3680.000000	4624.600000	3727.000000	38.639907	32.759445
64	192	1.200000	5105.600000	4106.000000	5013.200000	4124.000000	51.563336	45.519350
65	195	1.200000	4447.400000	3533.000000	4339.400000	3551.000000	39.975936	37.229568
65	195	1.200000	5077.000000	3967.000000	4904.600000	3989.000000	38.407700	34.374222
65	195	1.200000	4906.000000	3856.000000	4651.600000	3916.000000	59.718957	54.620952
66	198	1.200000	5141.800000	4033.000000	5002.400000	4058.000000	27.811208	27.159075
66	198	1.200000	4764.800000	3932.000000	4610.000000	3986.000000	35.703141	33.759037
66	198	1.200000	5165.600000	4256.000000	5087.600000	4298.000000	110.444806	98.102520
67	201	1.200000	4556.000000	3578.000000	4431.800000	3623.000000	63.296433	51.967968
67	201	1.200000	5430.800000	4214.000000	5134.600000	4285.000000	70.654694	69.863415
67	201	1.200000	5558.400000	4302.000000	5377.800000	4365.000000	78.141769	62.356335
68	204	1.200000	5507.800000	4441.000000	5327.800000	4489.000000	51.398114	47.613339
68	204	1.200000	5690.400000	4314.000000	5428.600000	4369.000000	373.543971	233.321558
68	204	1.200000	4790.200000	3787.000000	4594.200000	3837.000000	91.805615	93.890891
69	207	1.200000	4457.400000	3519.000000	4367.600000	3548.000000	101.149898	68.126220
69	207	1.200000	5666.600000	4289.000000	5393.400000	4329.000000	285.526215	157.461296
69	207	1.200000	4527.200000	3764.000000	4441.400000	3809.000000	35.892805	34.053360
70	210	1.200000	5985.800000	4637.000000	5797.000000	4693.000000	157.482991	88.273547
70	210	1.200000	5077.200000	4086.000000	4814.000000	4142.000000	282.163138	203.744647
70	210	1.200000	6723.600000	5232.000000	6551.000000	5267.000000	132.140878	116.135199
