1	3	1.200000	22.000000	22.000000	22.000000	22.000000	0.030414	0.052949
1	3	1.200000	21.000000	21.000000	21.000000	21.000000	0.075364	0.078990
1	3	1.200000	35.000000	35.000000	35.000000	35.000000	0.076027	0.082414
1	3	1.200000	31.000000	31.000000	31.000000	31.000000	0.074980	0.077460
1	3	1.200000	23.000000	23.000000	23.000000	23.000000	0.077527	0.081363
1	3	1.200000	147.200000	92.000000	147.200000	92.000000	0.076503	0.073677
2	6	1.200000	174.400000	130.000000	174.400000	130.000000	0.135740	0.133376
2	6	1.200000	96.000000	96.000000	96.000000	96.000000	0.127640	0.130997
2	6	1.200000	128.600000	113.000000	127.400000	113.000000	0.133791	0.134294
3	9	1.200000	235.200000	174.000000	179.000000	179.000000	0.189423	0.198148
3	9	1.200000	429.600000	222.000000	418.400000	224.000000	0.387548	0.395214
3	9	1.200000	282.000000	228.000000	282.000000	228.000000	0.194235	0.201952
4	12	1.200000	347.400000	177.000000	280.800000	180.000000	0.586205	0.725752
4	12	1.200000	509.400000	321.000000	472.600000	325.000000	0.390905	0.402809
4	12	1.200000	288.800000	266.000000	288.800000	266.000000	0.251322	0.276728
5	15	1.200000	266.600000	245.000000	266.600000	245.000000	0.314660	0.315418
5	15	1.200000	378.400000	286.000000	378.400000	286.000000	0.430215	0.331587
5	15	1.200000	404.000000	296.000000	378.800000	296.000000	0.521833	0.416679
6	18	1.200000	420.000000	420.000000	420.000000	420.000000	0.386318	0.380999
6	18	1.200000	853.400000	635.000000	853.400000	635.000000	0.457638	0.425475
6	18	1.200000	766.400000	530.000000	735.000000	531.000000	0.570503	0.552344
7	21	1.200000	550.200000	447.000000	517.000000	457.000000	2.035349	1.403822
7	21	1.200000	591.600000	486.000000	591.600000	486.000000	0.623143	0.578204
20	60	1.200000	2959.400000	1829.000000	2918.600000	1847.000000	8.339010	7.916296
20	60	1.200000	3126.600000	1965.000000	3120.800000	1964.000000	27.015950	19.567036
20	60	1.200000	2529.400000	1597.000000	2500.600000	1603.000000	12.291893	10.254387
21	63	1.200000	2636.000000	1724.000000	2561.000000	1739.000000	52.898017	46.469257
21	63	1.200000	3320.800000	2026.000000	3222.600000	2073.000000	21.962852	22.385686
21	63	1.200000	2088.600000	1467.000000	2060.000000	1472.000000	38.234947	36.595958
22	66	1.200000	3092.800000	2026.000000	3091.600000	2026.000000	18.676460	12.160587
22	66	1.200000	3602.000000	2180.000000	3492.000000	2244.000000	13.961194	13.457215
22	66	1.200000	3091.600000	1858.000000	3030.600000	1887.000000	26.653038	26.302388
23	69	1.200000	3114.000000	1920.000000	3086.400000	1932.000000	31.395008	31.803106
50	150	1.200000	8293.400000	5015.000000	8163.600000	5046.000000	7244.463667	7237.305911
50	150	1.200000	9328.800000	5520.000000	9252.400000	5614.000000	1559.611648	1260.706520
20	60	1.200000	4332.800000	2570.000000	4299.600000	2598.000000	164.761506	167.283768
20	60	1.200000	2721.600000	1860.000000	2717.200000	1858.000000	35.088212	20.846168
20	60	1.200000	3483.000000	2181.000000	3456.600000	2211.000000	28.278817	22.953311
21	63	1.200000	3822.000000	2472.000000	3791.800000	2473.000000	45.102716	44.888131
21	63	1.200000	3269.400000	1899.000000	3151.800000	1935.000000	66.186087	67.024237
21	63	1.200000	4117.400000	2609.000000	4113.400000	2611.000000	72.769288	73.833307
22	66	1.200000	3836.200000	2347.000000	3749.400000	2355.000000	20.365638	19.971702
22	66	1.200000	3712.400000	2252.000000	3598.800000	2262.000000	82.095942	84.678575
22	66	1.200000	3585.400000	2167.000000	3543.800000	2189.000000	15.549392	15.544313
23	69	1.200000	3797.800000	2365.000000	3727.200000	2370.000000	637.588931	628.415600
23	69	1.200000	3372.800000	2042.000000	3323.800000	2065.000000	113.886247	84.846839
23	69	1.200000	4131.200000	2438.000000	4054.600000	2473.000000	125.114045	137.338728
24	72	1.200000	3821.800000	2425.000000	3801.400000	2455.000000	292.306552	286.359086
24	72	1.200000	4836.600000	2811.000000	4819.400000	2843.000000	49.146390	48.620406
24	72	1.200000	3209.800000	2167.000000	3114.400000	2218.000000	140.169407	130.153502
25	75	1.200000	4399.600000	2608.000000	4337.200000	2614.000000	371.628553	225.733531
25	75	1.200000	4451.600000	2780.000000	4408.400000	2792.000000	527.085422	522.682162
25	75	1.200000	3692.200000	2353.000000	3623.200000	2374.000000	8.478176	8.617435
26	78	1.200000	4322.600000	2657.000000	4221.800000	2681.000000	112.552505	113.197264
26	78	1.200000	4634.400000	2742.000000	4579.400000	2771.000000	465.928844	467.950803
26	78	1.200000	4504.800000	2724.000000	4402.400000	2750.000000	117.102614	97.935481
27	81	1.200000	4569.600000	2856.000000	4439.400000	2883.000000	42.274039	40.711190
27	81	1.200000	4800.200000	3071.000000	4698.600000	3093.000000	135.679663	137.918534
27	81	1.200000	4872.000000	3060.000000	4690.800000	3084.000000	99.431738	102.988145
28	84	1.200000	5845.000000	3403.000000	5824.400000	3446.000000	2273.069449	2142.486090
28	84	1.200000	5266.600000	3259.000000	5250.600000	3279.000000	36.113924	36.614726
28	84	1.200000	4944.200000	2951.000000	4828.400000	2966.000000	41.599826	40.461246
29	87	1.200000	5365.600000	3244.000000	5317.200000	3270.000000	99.861340	103.109850
29	87	1.200000	5117.400000	3255.000000	5117.400000	3255.000000	104.062251	104.397507
29	87	1.200000	4834.600000	3091.000000	4825.400000	3095.000000	111.313583	103.599312
30	90	1.200000	5685.200000	3518.000000	5646.600000	3537.000000	541.644245	500.688543
30	90	1.200000	4924.600000	3145.000000	4855.000000	3163.000000	349.646070	376.380697
30	90	1.200000	4894.600000	2989.000000	4817.600000	3014.000000	141.761127	133.542145
31	93	1.200000	5657.000000	3539.000000	5614.600000	3553.000000	1020.772927	819.519167
31	93	1.200000	6655.400000	3857.000000	6620.000000	3908.000000	907.466844	920.335810
31	93	1.200000	6111.600000	3762.000000	6092.800000	3772.000000	75.786569	80.934120
32	96	1.200000	5719.000000	3379.000000	5682.000000	3402.000000	238.339425	213.226709
32	96	1.200000	6761.200000	4324.000000	6739.200000	4326.000000	177.180531	176.122108
32	96	1.200000	5963.200000	3682.000000	5873.800000	3709.000000	3301.169506	2321.114426
33	99	1.200000	6417.400000	3829.000000	6327.000000	3861.000000	598.548692	597.246437
33	99	1.200000	6287.400000	4107.000000	6174.600000	4131.000000	219.792129	226.104421
33	99	1.200000	6153.200000	3830.000000	6152.000000	3830.000000	137.819340	150.792296
34	102	1.200000	7499.400000	4365.000000	7378.600000	4411.000000	538.141830	493.070290
34	102	1.200000	6732.400000	4174.000000	6611.000000	4181.000000	698.928373	738.090191
34	102	1.200000	6438.200000	3923.000000	6398.800000	3940.000000	320.318250	300.542360
35	105	1.200000	6973.600000	4090.000000	6901.000000	4105.000000	307.858202	308.166387
35	105	1.200000	7742.200000	4561.000000	7692.800000	4616.000000	2806.169728	1718.765182
35	105	1.200000	7431.600000	4464.000000	7402.600000	4465.000000	4403.795072	1971.442421
36	108	1.200000	7369.600000	4570.000000	7306.000000	4606.000000	814.277599	808.578939
36	108	1.200000	6072.000000	3744.000000	5929.400000	3827.000000	2558.625698	2414.760182
36	108	1.200000	7274.200000	4507.000000	7198.000000	4540.000000	677.469584	669.536288
37	111	1.200000	7117.600000	4288.000000	7056.800000	4298.000000	782.496190	866.373814
37	111	1.200000	7863.400000	4639.000000	7708.600000	4705.000000	544.326646	518.626666
37	111	1.200000	6045.400000	3697.000000	6003.400000	3733.000000	141.558670	131.447862
38	114	1.200000	5417.000000	3515.000000	5306.600000	3539.000000	492.001121	507.928819
38	114	1.200000	7588.400000	4808.000000	7553.000000	4811.000000	491.088118	491.386927
38	114	1.200000	7223.400000	4341.000000	7189.800000	4359.000000	753.153684	659.953375
39	117	1.200000	7962.400000	4834.000000	7787.200000	4864.000000	640.177724	632.054105
39	117	1.200000	7629.400000	4495.000000	7504.600000	4531.000000	428.887653	415.842852
39	117	1.200000	8538.000000	4998.000000	8441.400000	4989.000000	187.793474	185.753914
40	120	1.200000	7009.200000	4440.000000	6919.400000	4451.000000	874.043342	878.502956
40	120	1.200000	8061.800000	4577.000000	8026.800000	4650.000000	1547.681911	1070.924904
40	120	1.200000	7184.600000	4319.000000	7137.400000	4381.000000	4188.342061	4165.366430
41	123	1.200000	8633.000000	5363.000000	8541.800000	5369.000000	6149.900045	1166.286088
41	123	1.200000	8578.800000	5088.000000	8481.600000	5136.000000	2923.372847	1631.661422
41	123	1.200000	7796.600000	4817.000000	7692.000000	4890.000000	4203.377662	3137.267689
42	126	1.200000	8626.400000	5126.000000	8574.800000	5192.000000	6501.825102	6942.172434
42	126	1.200000	8336.000000	5150.000000	8210.600000	5207.000000	690.752883	656.120287
42	126	1.200000	8999.000000	5321.000000	8948.600000	5345.000000	2621.394399	2705.429829
43	129	1.200000	8336.600000	4985.000000	8229.800000	4979.000000	610.821569	640.132335
43	129	1.200000	8761.200000	5208.000000	8587.400000	5249.000000	1171.751379	1012.544603
43	129	1.200000	8136.400000	4942.000000	8008.000000	4996.000000	2357.360596	2379.598103
44	132	1.200000	9288.000000	5556.000000	9159.400000	5623.000000	6668.386480	4630.261911
44	132	1.200000	10197.000000	6009.000000	10128.600000	6033.000000	1665.220820	1682.168222
44	132	1.200000	8809.000000	5209.000000	8704.800000	5274.000000	3662.500946	2278.263161
45	135	1.200000	8611.000000	5203.000000	8450.000000	5228.000000	1203.221504	1219.800525
45	135	1.200000	8751.400000	5239.000000	8669.600000	5270.000000	2226.514262	2263.226092
45	135	1.200000	10445.000000	5909.000000	10206.000000	5976.000000	2896.943163	2870.033218
46	138	1.200000	9214.800000	5556.000000	9114.600000	5607.000000	3854.833047	3089.530384
46	138	1.200000	8538.000000	5070.000000	8424.200000	5141.000000	1038.817968	890.015718
46	138	1.200000	11154.200000	6509.000000	11179.200000	6618.000000	7219.066281	7202.228260
47	141	1.200000	9537.800000	5693.000000	9492.000000	5724.000000	2371.598811	2384.720897
47	141	1.200000	9237.200000	5252.000000	9155.600000	5294.000000	1190.267957	1198.536902
47	141	1.200000	10567.800000	6123.000000	10449.000000	6177.000000	1321.275476	1275.914387
48	144	1.200000	9168.800000	5540.000000	9744.600000	5913.000000	7233.139213	7202.088623
20	60	1.200000	1256.400000	1170.000000	1232.800000	1174.000000	3.414910	3.249465
20	60	1.200000	1263.000000	1191.000000	1226.200000	1195.000000	3.607002	3.321237
20	60	1.200000	4109.000000	2483.000000	4044.600000	2529.000000	105.708764	105.329136
20	60	1.200000	3060.600000	1971.000000	3059.400000	1971.000000	35.927903	34.971673
20	60	1.200000	2894.800000	1828.000000	2830.600000	1861.000000	12.494887	10.494773
21	63	1.200000	3477.200000	2180.000000	3397.600000	2188.000000	46.800183	44.581033
21	63	1.200000	3387.600000	2046.000000	3377.600000	2054.000000	28.951236	28.511086
21	63	1.200000	4108.400000	2450.000000	4031.800000	2467.000000	173.651837	191.918675
20	60	1.200000	3125.600000	1988.000000	3039.800000	1991.000000	18.176379	20.669781
20	60	1.200000	3098.400000	1884.000000	2990.800000	1948.000000	62.455478	62.381619
20	60	1.200000	3510.400000	2332.000000	3502.200000	2337.000000	13.432182	13.016097
21	63	1.200000	2842.800000	1812.000000	2787.800000	1823.000000	43.268522	46.951934
21	63	1.200000	3501.600000	2196.000000	3492.000000	2208.000000	96.088754	81.370399
21	63	1.200000	3252.800000	2114.000000	3166.000000	2134.000000	19.794751	19.463751
22	66	1.200000	3733.800000	2385.000000	3663.400000	2383.000000	221.935390	146.403502
22	66	1.200000	4288.400000	2678.000000	4274.600000	2687.000000	49.525916	50.040551
22	66	1.200000	4648.600000	2791.000000	4589.200000	2794.000000	78.634808	78.070483
23	69	1.200000	3846.200000	2363.000000	3842.200000	2365.000000	99.063386	102.706589
23	69	1.200000	3666.800000	2528.000000	3596.600000	2543.000000	11.918599	12.014706
23	69	1.200000	3935.400000	2451.000000	3951.600000	2460.000000	1554.993686	1670.584709
24	72	1.200000	4185.600000	2532.000000	4084.600000	2551.000000	34.676286	33.068586
24	72	1.200000	5166.000000	3186.000000	5150.000000	3188.000000	70.221770	69.805242
24	72	1.200000	4526.400000	2946.000000	4503.800000	2951.000000	60.912895	63.489166
25	75	1.200000	4007.800000	2617.000000	3959.400000	2637.000000	30.931758	30.044785
25	75	1.200000	5165.600000	3224.000000	5123.200000	3226.000000	141.338790	141.580454
25	75	1.200000	4621.800000	3033.000000	4554.200000	3053.000000	57.994134	59.297806
26	78	1.200000	4207.600000	2596.000000	4044.200000	2639.000000	44.230970	39.931520
26	78	1.200000	4655.400000	3087.000000	4653.000000	3087.000000	254.342191	260.100762
26	78	1.200000	4774.400000	2774.000000	4716.000000	2802.000000	115.800731	121.461341
27	81	1.200000	5096.600000	3305.000000	5089.800000	3303.000000	158.166724	145.906929
27	81	1.200000	5421.000000	3141.000000	5387.000000	3185.000000	1004.791938	921.715122
27	81	1.200000	5523.400000	3385.000000	5524.000000	3394.000000	180.957376	186.982436
28	84	1.200000	5677.200000	3384.000000	5669.800000	3385.000000	241.582741	228.586983
28	84	1.200000	4488.800000	2942.000000	4465.200000	2958.000000	74.044242	69.908640
28	84	1.200000	5489.400000	3261.000000	5454.000000	3270.000000	144.843547	150.799519
29	87	1.200000	6074.200000	3817.000000	6011.000000	3821.000000	390.014235	368.011668
29	87	1.200000	4810.000000	2974.000000	4682.200000	2989.000000	93.221540	91.003260
29	87	1.200000	5077.600000	3166.000000	5013.200000	3182.000000	164.509877	141.865881
30	90	1.200000	5099.200000	3052.000000	5056.600000	3085.000000	192.880833	186.785589
30	90	1.200000	5245.000000	3163.000000	5145.200000	3194.000000	180.877248	179.494837
30	90	1.200000	5172.400000	3166.000000	5065.000000	3175.000000	468.705216	463.864375
31	93	1.200000	4143.200000	2702.000000	4080.000000	2730.000000	146.040609	139.183143
31	93	1.200000	7077.200000	4130.000000	7109.400000	4179.000000	525.461539	518.244365
31	93	1.200000	5691.600000	3540.000000	5594.600000	3569.000000	161.786015	163.709017
32	96	1.200000	6337.600000	3832.000000	6309.400000	3841.000000	366.411005	375.427682
32	96	1.200000	5375.000000	3293.000000	5337.400000	3313.000000	150.255328	148.557324
32	96	1.200000	7014.600000	4131.000000	6999.600000	4206.000000	244.106784	228.055010
33	99	1.200000	6047.800000	3709.000000	6042.000000	3738.000000	682.997087	699.425476
33	99	1.200000	5198.000000	3140.000000	5050.600000	3145.000000	731.264614	710.587001
33	99	1.200000	5940.200000	3383.000000	5896.600000	3433.000000	325.887787	294.144724
34	102	1.200000	7127.200000	4462.000000	7072.800000	4476.000000	384.518177	444.477328
34	102	1.200000	6032.400000	3528.000000	5996.600000	3575.000000	223.638273	199.795495
34	102	1.200000	6076.200000	3729.000000	6020.600000	3737.000000	234.046249	221.028718
35	105	1.200000	7090.000000	4300.000000	6986.400000	4308.000000	1351.715548	1162.744573
35	105	1.200000	7247.000000	4295.000000	7081.000000	4321.000000	1694.764867	1725.839182
35	105	1.200000	6648.800000	4088.000000	6484.000000	4108.000000	694.059037	654.757467
36	108	1.200000	7264.000000	4354.000000	7154.000000	4400.000000	451.031466	377.669039
36	108	1.200000	5632.400000	3362.000000	5587.200000	3378.000000	735.167568	521.468120
36	108	1.200000	7116.200000	4223.000000	7093.600000	4234.000000	1342.216019	1317.048339
37	111	1.200000	7063.200000	4014.000000	6949.400000	4061.000000	1284.954200	1225.006915
37	111	1.200000	8031.000000	4617.000000	7889.200000	4612.000000	754.282834	749.333225
37	111	1.200000	8460.200000	5135.000000	8326.200000	5151.000000	1092.523776	1013.660694
38	114	1.200000	6746.800000	4084.000000	6692.800000	4120.000000	183.709691	160.742731
38	114	1.200000	8834.200000	5263.000000	8768.600000	5309.000000	560.184609	573.710149
38	114	1.200000	7409.600000	4322.000000	7298.400000	4350.000000	561.211735	480.842821
39	117	1.200000	7376.400000	4644.000000	7308.600000	4659.000000	797.477925	763.579186
39	117	1.200000	7478.400000	4488.000000	7385.600000	4502.000000	1507.120573	1525.501341
39	117	1.200000	8334.800000	4856.000000	8301.600000	4872.000000	589.283757	529.646526
40	120	1.200000	7269.400000	4483.000000	7253.600000	4496.000000	6038.030564	5242.962598
