1	99	1.200000	19.000000	19.000000	19.000000	19.000000	1.666167	1.594943
1	99	1.200000	32.000000	32.000000	32.000000	32.000000	1.542565	1.537495
1	99	1.200000	701.200000	358.000000	701.200000	358.000000	35.612948	38.490516
10	90	1.200000	2090.400000	1248.000000	2057.200000	1240.000000	62.413108	64.684778
10	90	1.200000	2240.000000	1340.000000	2196.800000	1364.000000	310.012053	226.829506
10	90	1.200000	1298.000000	836.000000	1288.200000	855.000000	13.965296	15.326140
20	80	1.200000	4395.800000	2603.000000	4323.200000	2636.000000	199.263111	188.952133
20	80	1.200000	3615.600000	2154.000000	3599.600000	2168.000000	57.395161	62.357282
20	80	1.200000	4138.400000	2426.000000	4002.200000	2471.000000	235.276412	226.242761
30	70	1.200000	5070.600000	3381.000000	4959.600000	3414.000000	102.762692	97.560112
30	70	1.200000	5233.200000	3144.000000	5162.400000	3150.000000	135.656754	140.996170
30	70	1.200000	4721.200000	2806.000000	4655.600000	2864.000000	33.392585	32.745304
40	60	1.200000	6168.800000	4220.000000	6093.800000	4235.000000	98.963141	90.796267
40	60	1.200000	5107.600000	3604.000000	5053.000000	3643.000000	104.065528	106.343577
40	60	1.200000	5058.200000	3437.000000	5009.600000	3458.000000	21.533222	20.848537
50	50	1.200000	5868.000000	4260.000000	5798.200000	4267.000000	20.534222	20.807303
50	50	1.200000	6864.000000	4980.000000	6775.200000	5010.000000	521.311570	524.725467
50	50	1.200000	6575.200000	4744.000000	6553.200000	4794.000000	388.204173	378.402095
60	40	1.200000	6183.000000	4815.000000	6163.000000	4861.000000	34.924376	34.602458
60	40	1.200000	5984.400000	4890.000000	5858.200000	4921.000000	24.450876	27.752408
60	40	1.200000	6731.800000	5035.000000	6692.000000	5042.000000	28.299723	23.416467
70	30	1.200000	5423.000000	4889.000000	5409.200000	4892.000000	33.892008	30.752482
70	30	1.200000	6415.400000	5237.000000	6384.600000	5253.000000	21.837533	21.770860
70	30	1.200000	6535.400000	5297.000000	6451.800000	5307.000000	26.297691	25.626325
80	20	1.200000	6528.000000	5754.000000	6439.200000	5760.000000	12.274292	11.799056
80	20	1.200000	6953.000000	6251.000000	6884.600000	6257.000000	14.207523	12.027593
80	20	1.200000	6355.200000	5694.000000	6352.000000	5698.000000	12.582092	11.907154
90	10	1.200000	7040.000000	6506.000000	6964.800000	6510.000000	5.206868	5.298467
90	10	1.200000	6687.200000	6320.000000	6638.000000	6326.000000	5.602382	5.601390
90	10	1.200000	7239.800000	6833.000000	7235.000000	6833.000000	7.047025	6.892043
100	0	1.200000	6469.000000	6469.000000	6469.000000	6469.000000	3.818217	3.788384
100	0	1.200000	7992.000000	7992.000000	7992.000000	7992.000000	3.814834	3.794610
100	0	1.200000	7123.000000	7123.000000	7123.000000	7123.000000	3.719374	3.674878
1	99	1.200000	12.000000	12.000000	12.000000	12.000000	1.572212	1.571302
1	99	1.200000	485.400000	261.000000	476.600000	257.000000	13.741219	14.239922
1	99	1.200000	178.400000	122.000000	178.400000	122.000000	1.584615	1.573065
1	99	1.200000	106.600000	55.000000	100.400000	74.000000	1.610274	1.604322
1	99	1.200000	503.600000	248.000000	503.600000	248.000000	9.167271	9.157113
1	99	1.200000	208.000000	136.000000	208.000000	136.000000	1.599121	1.607374
1	99	1.200000	56.000000	56.000000	56.000000	56.000000	1.601082	1.653212
1	99	1.200000	123.000000	123.000000	123.000000	123.000000	1.655349	1.653997
1	99	1.200000	653.200000	334.000000	653.200000	334.000000	106.155651	111.413915
1	99	1.200000	19.000000	19.000000	19.000000	19.000000	1.856941	1.668406
1	99	1.200000	261.600000	138.000000	261.600000	138.000000	4.796474	4.369712
1	99	1.200000	554.200000	271.000000	554.200000	271.000000	7.959886	8.536066
1	99	1.200000	683.600000	374.000000	683.600000	374.000000	162.046811	163.760423
1	99	1.200000	104.400000	78.000000	81.000000	81.000000	1.656992	1.654914
1	99	1.200000	131.600000	56.000000	94.200000	57.000000	2.023127	1.884489
1	99	1.200000	522.200000	275.000000	522.200000	275.000000	9.132181	9.578629
1	99	1.200000	392.000000	194.000000	392.000000	194.000000	11.215429	10.691895
1	99	1.200000	76.000000	76.000000	76.000000	76.000000	1.567329	1.556600
1	99	1.200000	424.800000	240.000000	424.800000	240.000000	3.163630	3.166069
1	99	1.200000	439.400000	227.000000	439.400000	227.000000	5.067042	5.269177
1	99	1.200000	419.000000	203.000000	427.800000	207.000000	33.385297	32.611885
1	99	1.200000	43.000000	43.000000	43.000000	43.000000	1.585488	1.594608
1	99	1.200000	459.000000	231.000000	459.000000	231.000000	2.055293	2.223446
1	99	1.200000	464.200000	235.000000	464.200000	235.000000	32.180247	34.612928
1	99	1.200000	58.000000	28.000000	29.000000	29.000000	1.595784	1.591633
1	99	1.200000	55.000000	25.000000	55.000000	25.000000	1.656729	1.655596
1	99	1.200000	553.600000	280.000000	553.600000	280.000000	16.279792	17.264575
1	99	1.200000	44.000000	44.000000	44.000000	44.000000	1.654377	1.655470
1	99	1.200000	631.400000	335.000000	631.400000	335.000000	223.585593	222.850397
1	99	1.200000	502.200000	261.000000	530.800000	274.000000	39.418458	33.474069
1	99	1.200000	58.000000	58.000000	58.000000	58.000000	1.655537	1.661707
1	99	1.200000	77.600000	62.000000	77.600000	62.000000	1.655342	1.654878
1	99	1.200000	83.800000	31.000000	78.600000	45.000000	4.410418	3.531170
1	99	1.200000	47.000000	47.000000	47.000000	47.000000	1.657248	1.653583
1	99	1.200000	18.000000	18.000000	18.000000	18.000000	1.555825	1.558676
1	99	1.200000	171.600000	66.000000	157.800000	93.000000	1.820066	1.816620
1	99	1.200000	389.600000	194.000000	389.600000	194.000000	35.249102	27.761081
1	99	1.200000	211.200000	102.000000	211.200000	102.000000	1.830453	1.781546
1	99	1.200000	495.600000	246.000000	495.600000	246.000000	37.207478	36.999830
1	99	1.200000	459.000000	219.000000	459.000000	219.000000	3.054764	3.131520
1	99	1.200000	64.000000	64.000000	64.000000	64.000000	1.658495	1.653745
1	99	1.200000	597.000000	297.000000	601.400000	299.000000	101.690114	80.349950
1	99	1.200000	73.400000	47.000000	72.200000	47.000000	1.605823	1.597615
1	99	1.200000	100.000000	100.000000	100.000000	100.000000	1.591470	1.590036
1	99	1.200000	78.400000	64.000000	66.000000	66.000000	1.568931	1.573224
1	99	1.200000	78.600000	69.000000	78.600000	69.000000	1.605544	1.653443
1	99	1.200000	176.000000	128.000000	176.000000	128.000000	1.657491	1.657134
1	99	1.200000	615.200000	290.000000	615.200000	290.000000	34.408631	39.247227
1	99	1.200000	81.000000	39.000000	65.000000	41.000000	1.658967	1.656632
1	99	1.200000	474.600000	273.000000	516.400000	292.000000	2.749290	2.717333
10	90	1.200000	1582.000000	982.000000	1565.200000	994.000000	159.510818	152.913903
10	90	1.200000	2362.000000	1300.000000	2337.400000	1309.000000	105.435889	94.135664
10	90	1.200000	2056.400000	1280.000000	2046.200000	1283.000000	76.804477	74.853726
10	90	1.200000	2419.200000	1398.000000	2406.200000	1415.000000	83.907409	80.596531
10	90	1.200000	1146.400000	766.000000	1138.000000	766.000000	2.835013	2.888130
10	90	1.200000	2079.200000	1220.000000	2068.600000	1237.000000	86.409494	90.406787
10	90	1.200000	1889.000000	1175.000000	1888.200000	1179.000000	121.616073	131.689284
10	90	1.200000	1207.600000	760.000000	1126.000000	748.000000	5.427431	5.109239
10	90	1.200000	1461.800000	863.000000	1441.400000	869.000000	8.086624	8.148074
10	90	1.200000	2594.200000	1375.000000	2567.000000	1373.000000	195.656271	189.693793
10	90	1.200000	1938.800000	1160.000000	1917.200000	1160.000000	32.040916	28.237208
10	90	1.200000	2872.200000	1629.000000	2863.400000	1625.000000	138.347321	132.814912
10	90	1.200000	2606.400000	1554.000000	2606.400000	1554.000000	15.134314	14.850924
10	90	1.200000	1656.000000	924.000000	1651.400000	935.000000	13.351911	13.951481
10	90	1.200000	2289.000000	1293.000000	2314.200000	1323.000000	127.832882	111.055903
10	90	1.200000	2888.000000	1556.000000	2899.600000	1582.000000	510.174087	503.461784
10	90	1.200000	2016.400000	1084.000000	2016.400000	1084.000000	90.473265	84.447183
10	90	1.200000	2772.000000	1596.000000	2713.600000	1606.000000	46.389122	45.886223
10	90	1.200000	2374.400000	1298.000000	2373.600000	1320.000000	195.541088	152.273600
10	90	1.200000	2050.800000	1260.000000	2067.000000	1275.000000	82.942282	82.475160
10	90	1.200000	2635.200000	1494.000000	2569.200000	1512.000000	68.987499	67.536164
10	90	1.200000	2251.800000	1233.000000	2265.600000	1254.000000	75.607320	82.420352
10	90	1.200000	2087.600000	1106.000000	2048.400000	1128.000000	70.054316	68.505975
10	90	1.200000	2272.400000	1310.000000	2278.600000	1309.000000	52.014316	51.679073
10	90	1.200000	2006.600000	1163.000000	1958.400000	1152.000000	278.898316	141.247440
10	90	1.200000	1836.400000	1192.000000	1742.200000	1195.000000	4.180189	3.255004
10	90	1.200000	2068.400000	1142.000000	2026.600000	1135.000000	25.648936	25.234887
10	90	1.200000	2187.400000	1321.000000	2142.800000	1316.000000	50.972755	45.807396
10	90	1.200000	1887.400000	1183.000000	1823.800000	1189.000000	27.872497	25.699513
10	90	1.200000	2201.800000	1273.000000	2209.800000	1287.000000	22.140205	23.791619
10	90	1.200000	2589.600000	1494.000000	2589.600000	1494.000000	70.589882	67.161222
10	90	1.200000	2317.400000	1301.000000	2306.200000	1327.000000	208.574444	206.895472
10	90	1.200000	1767.200000	1094.000000	1767.200000	1094.000000	6.164802	6.094828
10	90	1.200000	2066.800000	1186.000000	2010.800000	1184.000000	47.220000	47.335351
10	90	1.200000	2662.800000	1536.000000	2666.000000	1538.000000	75.504208	75.082827
10	90	1.200000	2192.200000	1237.000000	2188.000000	1246.000000	31.659338	32.532882
10	90	1.200000	1722.600000	1095.000000	1677.800000	1103.000000	34.843432	38.249095
10	90	1.200000	2055.000000	1209.000000	2023.200000	1206.000000	115.481888	116.573468
10	90	1.200000	1473.000000	885.000000	1441.400000	899.000000	6.511425	6.306930
10	90	1.200000	2725.800000	1563.000000	2670.600000	1557.000000	94.800453	106.342179
1	99	1.200000	64.400000	50.000000	52.000000	52.000000	1.609568	1.602686
1	99	1.200000	716.200000	379.000000	718.400000	380.000000	8.886532	10.065318
1	99	1.200000	522.400000	280.000000	509.000000	281.000000	18.968176	20.117499
1	99	1.200000	79.400000	59.000000	77.000000	59.000000	1.610664	1.617860
1	99	1.200000	217.800000	117.000000	217.800000	117.000000	1.597657	1.584716
1	99	1.200000	509.000000	263.000000	509.000000	263.000000	25.142612	25.061295
1	99	1.200000	15.000000	15.000000	15.000000	15.000000	1.591283	1.597142
1	99	1.200000	108.000000	108.000000	108.000000	108.000000	1.572308	1.559713
1	99	1.200000	49.800000	15.000000	49.800000	15.000000	1.612779	1.612076
1	99	1.200000	68.000000	68.000000	68.000000	68.000000	1.686838	1.976007
10	90	1.200000	2349.200000	1256.000000	2294.400000	1260.000000	51.924929	26.962872
10	90	1.200000	2882.800000	1672.000000	2887.200000	1674.000000	27.671723	28.859771
10	90	1.200000	2347.200000	1272.000000	2235.200000	1280.000000	41.359946	42.770987
10	90	1.200000	1908.600000	1149.000000	1886.400000	1170.000000	39.621401	41.448117
10	90	1.200000	1983.000000	1179.000000	1973.600000	1190.000000	14.476765	14.599913
10	90	1.200000	1283.400000	747.000000	1274.400000	756.000000	8.469310	9.084849
10	90	1.200000	2201.200000	1240.000000	2193.600000	1242.000000	107.798986	101.289183
10	90	1.200000	2291.200000	1318.000000	2269.000000	1327.000000	247.267170	250.660968
1	99	1.200000	134.000000	134.000000	134.000000	134.000000	1.596692	1.596546
1	99	1.200000	271.000000	163.000000	271.000000	163.000000	1.620314	1.617529
1	99	1.200000	351.200000	182.000000	349.400000	185.000000	2.457698	2.430217
1	99	1.200000	138.000000	54.000000	138.000000	54.000000	1.769276	1.770583
1	99	1.200000	455.400000	243.000000	455.400000	243.000000	118.743357	96.831008
1	99	1.200000	325.800000	183.000000	325.800000	183.000000	1.646097	1.645027
1	99	1.200000	562.800000	264.000000	558.800000	266.000000	45.900593	48.008947
1	99	1.200000	240.200000	101.000000	240.200000	101.000000	31.963200	28.771210
1	99	1.200000	213.000000	153.000000	213.000000	153.000000	3.999532	4.028750
1	99	1.200000	76.000000	76.000000	76.000000	76.000000	1.495109	1.517340
10	90	1.200000	1051.800000	633.000000	1051.200000	636.000000	28.116996	28.522937
10	90	1.200000	1423.400000	833.000000	1420.400000	854.000000	139.592749	142.638180
10	90	1.200000	2521.200000	1464.000000	2521.200000	1464.000000	161.045793	169.473454
10	90	1.200000	1663.200000	966.000000	1655.400000	969.000000	24.885538	26.568028
10	90	1.200000	1964.800000	1108.000000	1947.200000	1100.000000	24.522858	23.206994
10	90	1.200000	1915.200000	1134.000000	1876.000000	1144.000000	14.676575	15.409203
10	90	1.200000	2205.400000	1261.000000	2197.000000	1261.000000	229.712319	222.188465
10	90	1.200000	2166.600000	1203.000000	2031.600000	1218.000000	36.618587	37.931897
10	90	1.200000	2646.400000	1492.000000	2615.400000	1497.000000	75.200455	82.800704
10	90	1.200000	2557.400000	1415.000000	2520.400000	1438.000000	31.710603	28.750544
20	80	1.200000	4156.800000	2292.000000	4038.800000	2300.000000	138.055788	129.164842
20	80	1.200000	4208.400000	2496.000000	4192.000000	2518.000000	267.946072	273.969010
20	80	1.200000	3458.400000	2130.000000	3442.000000	2170.000000	46.736946	43.878932
20	80	1.200000	4087.200000	2442.000000	4056.800000	2456.000000	103.273367	113.680157
20	80	1.200000	4169.000000	2429.000000	4096.400000	2408.000000	598.695410	580.003477
20	80	1.200000	5279.400000	3159.000000	5256.000000	3174.000000	719.337682	735.768243
20	80	1.200000	4898.600000	2843.000000	4856.200000	2851.000000	392.616446	403.360201
20	80	1.200000	3432.800000	2006.000000	3380.400000	2040.000000	186.333086	186.405796
20	80	1.200000	3341.200000	2068.000000	3336.400000	2068.000000	91.983737	97.513167
20	80	1.200000	3109.600000	1858.000000	3033.200000	1862.000000	24.391431	18.996416
30	70	1.200000	5212.200000	3261.000000	5219.200000	3280.000000	38.513668	36.197288
30	70	1.200000	4691.600000	2984.000000	4649.600000	2996.000000	49.426118	47.090227
30	70	1.200000	4555.800000	2853.000000	4529.000000	2867.000000	233.744531	129.752872
30	70	1.200000	4395.400000	2875.000000	4336.800000	2904.000000	26.067879	26.766439
30	70	1.200000	4269.000000	2697.000000	4239.200000	2702.000000	76.403897	77.289468
30	70	1.200000	4597.000000	3001.000000	4566.600000	3021.000000	39.166405	41.927925
30	70	1.200000	5895.800000	3665.000000	5783.000000	3707.000000	493.550165	539.882378
30	70	1.200000	3691.000000	2431.000000	3666.800000	2438.000000	30.383222	24.758260
30	70	1.200000	5385.400000	3331.000000	5373.400000	3349.000000	122.128996	122.546831
30	70	1.200000	4594.800000	2910.000000	4544.000000	2924.000000	175.977167	193.439195
40	60	1.200000	5825.800000	3865.000000	5771.200000	3886.000000	84.201648	73.749248
40	60	1.200000	6208.800000	4068.000000	6069.600000	4110.000000	29.716219	28.196877
40	60	1.200000	6004.400000	4244.000000	5859.600000	4254.000000	21.106465	21.767666
40	60	1.200000	5042.400000	3468.000000	5035.200000	3480.000000	35.231477	37.033673
40	60	1.200000	4662.600000	3237.000000	4542.200000	3263.000000	15.593068	15.131291
40	60	1.200000	6488.200000	4255.000000	6366.800000	4292.000000	21.279221	21.070008
40	60	1.200000	5342.800000	3826.000000	5313.800000	3839.000000	66.047780	64.649820
40	60	1.200000	5259.400000	3661.000000	5256.400000	3688.000000	39.364490	37.749048
40	60	1.200000	5336.600000	3701.000000	5288.000000	3710.000000	23.934456	22.898374
40	60	1.200000	5663.800000	3679.000000	5560.400000	3692.000000	90.305557	86.501932
50	50	1.200000	5361.000000	3993.000000	5333.200000	3994.000000	52.947292	54.317555
50	50	1.200000	5751.200000	4190.000000	5678.200000	4207.000000	69.473862	63.370678
50	50	1.200000	6688.600000	5017.000000	6657.200000	5024.000000	66.913523	68.390868
50	50	1.200000	5499.000000	4005.000000	5346.800000	4052.000000	77.625848	69.343952
50	50	1.200000	6667.000000	4705.000000	6565.800000	4713.000000	100.972823	102.241980
50	50	1.200000	6445.400000	4757.000000	6417.200000	4754.000000	17.438870	17.375896
50	50	1.200000	5460.200000	4259.000000	5444.000000	4262.000000	126.113231	120.319005
50	50	1.200000	5592.600000	4317.000000	5569.400000	4325.000000	151.985240	148.423999
50	50	1.200000	6057.400000	4327.000000	5932.400000	4364.000000	44.459543	40.227581
50	50	1.200000	6259.000000	4711.000000	6241.600000	4744.000000	48.973830	46.944657
60	40	1.200000	6517.600000	5086.000000	6497.800000	5107.000000	56.026627	56.519779
60	40	1.200000	6339.600000	4980.000000	6317.800000	4993.000000	20.124534	19.271562
60	40	1.200000	6283.600000	4918.000000	6262.200000	4923.000000	17.220656	18.130627
60	40	1.200000	6646.200000	5277.000000	6559.800000	5307.000000	53.124569	53.926183
60	40	1.200000	6334.400000	4850.000000	6274.200000	4863.000000	141.901226	165.559309
60	40	1.200000	6467.600000	4868.000000	6342.600000	4893.000000	21.882165	19.778647
60	40	1.200000	5977.800000	4761.000000	5966.400000	4770.000000	27.535040	27.469749
60	40	1.200000	6761.600000	5240.000000	6617.600000	5258.000000	27.705251	26.302715
60	40	1.200000	6416.000000	4802.000000	6368.200000	4813.000000	74.656980	75.836685
60	40	1.200000	6101.400000	4743.000000	6052.000000	4762.000000	18.596718	18.613589
70	30	1.200000	6981.400000	5821.000000	6977.200000	5824.000000	33.560653	33.997232
70	30	1.200000	7071.800000	6023.000000	7033.200000	6024.000000	11.381668	11.281335
70	30	1.200000	6231.000000	5223.000000	6165.600000	5226.000000	25.368787	26.884421
70	30	1.200000	6400.600000	5287.000000	6280.600000	5305.000000	20.036015	19.165077
70	30	1.200000	7086.000000	5712.000000	6965.200000	5740.000000	36.879636	42.231822
70	30	1.200000	6822.000000	5568.000000	6700.600000	5593.000000	32.042634	19.909958
70	30	1.200000	7114.400000	6062.000000	6968.200000	6073.000000	34.213719	22.237144
70	30	1.200000	6559.000000	5569.000000	6525.600000	5574.000000	49.343547	51.396945
70	30	1.200000	6883.800000	5535.000000	6875.000000	5537.000000	46.484096	43.687601
70	30	1.200000	6902.400000	5664.000000	6839.200000	5668.000000	30.861021	29.918201
80	20	1.200000	6301.000000	5785.000000	6264.200000	5789.000000	7.626991	7.815347
80	20	1.200000	6824.200000	5965.000000	6802.000000	5980.000000	10.576285	10.353287
80	20	1.200000	6636.800000	5942.000000	6636.800000	5942.000000	6.258645	6.211668
80	20	1.200000	7444.200000	6507.000000	7438.200000	6507.000000	10.409824	8.854822
80	20	1.200000	7331.200000	6412.000000	7289.200000	6424.000000	12.796947	12.606471
80	20	1.200000	7231.400000	6437.000000	7188.400000	6442.000000	6.365109	6.314154
80	20	1.200000	6432.200000	5759.000000	6426.000000	5760.000000	5.301348	5.277360
80	20	1.200000	6126.800000	5396.000000	6097.600000	5398.000000	7.436597	7.546807
80	20	1.200000	7254.000000	6228.000000	7252.800000	6228.000000	15.370750	15.367544
80	20	1.200000	7140.000000	6306.000000	7124.400000	6306.000000	6.929612	7.150493
90	10	1.200000	7291.800000	6921.000000	7274.400000	6924.000000	4.889529	4.692531
90	10	1.200000	6462.200000	6047.000000	6458.600000	6047.000000	5.384120	5.255461
90	10	1.200000	6525.400000	6193.000000	6524.200000	6193.000000	4.605418	4.501158
90	10	1.200000	6774.400000	6376.000000	6752.600000	6377.000000	4.698829	4.693378
90	10	1.200000	7263.600000	6684.000000	7234.200000	6687.000000	4.979241	5.010571
90	10	1.200000	6986.000000	6800.000000	6978.800000	6800.000000	5.156706	5.058100
90	10	1.200000	6908.600000	6527.000000	6908.400000	6528.000000	5.224143	5.209178
90	10	1.200000	6569.600000	6200.000000	6567.200000	6200.000000	5.292888	5.249491
90	10	1.200000	6787.800000	6363.000000	6785.400000	6363.000000	6.732152	6.817978
90	10	1.200000	6708.000000	6474.000000	6695.200000	6484.000000	4.753210	5.014573
100	0	1.200000	6779.000000	6779.000000	6779.000000	6779.000000	3.146076	3.140107
100	0	1.200000	6522.000000	6522.000000	6522.000000	6522.000000	3.190840	3.101448
100	0	1.200000	6958.000000	6958.000000	6958.000000	6958.000000	3.002635	3.097953
100	0	1.200000	7113.000000	7113.000000	7113.000000	7113.000000	3.112000	3.116217
100	0	1.200000	6496.000000	6496.000000	6496.000000	6496.000000	3.154296	3.128592
100	0	1.200000	6751.000000	6751.000000	6751.000000	6751.000000	2.974608	2.997031
100	0	1.200000	6872.000000	6872.000000	6872.000000	6872.000000	3.330054	3.340607
100	0	1.200000	6777.000000	6777.000000	6777.000000	6777.000000	2.997572	2.968085
100	0	1.200000	7390.000000	7390.000000	7390.000000	7390.000000	3.199478	3.218042
100	0	1.200000	7109.000000	7109.000000	7109.000000	7109.000000	3.151999	3.159256
1	99	1.200000	254.000000	140.000000	243.600000	156.000000	1.954669	1.916928
1	99	1.200000	273.200000	176.000000	273.200000	176.000000	1.489347	1.483539
