1	3	1.200000	48.000000	48.000000	48.000000	48.000000	0.071873	0.070848
1	3	1.200000	201.000000	201.000000	201.000000	201.000000	0.075886	0.070874
1	3	1.200000	191.000000	191.000000	191.000000	191.000000	0.360741	0.335109
1	3	1.200000	43.000000	43.000000	43.000000	43.000000	0.072462	0.071108
1	3	1.200000	218.000000	218.000000	218.000000	218.000000	0.070430	0.070226
1	3	1.200000	252.000000	252.000000	252.000000	252.000000	0.075543	0.070102
1	3	1.200000	78.000000	78.000000	78.000000	78.000000	0.072400	0.066812
1	3	1.200000	123.000000	123.000000	123.000000	123.000000	0.073525	0.081716
1	3	1.200000	204.000000	204.000000	204.000000	204.000000	0.077994	0.069847
1	3	1.200000	144.000000	144.000000	144.000000	144.000000	0.182230	0.192631
1	3	1.200000	120.000000	120.000000	120.000000	120.000000	0.071252	0.070973
2	6	1.200000	381.000000	381.000000	381.000000	381.000000	0.124656	0.130870
2	6	1.200000	260.000000	260.000000	260.000000	260.000000	0.248907	0.237844
2	6	1.200000	297.000000	297.000000	297.000000	297.000000	0.125740	0.138546
3	9	1.200000	376.000000	376.000000	376.000000	376.000000	0.177764	0.178928
3	9	1.200000	197.000000	197.000000	197.000000	197.000000	0.403670	0.415672
3	9	1.200000	236.000000	236.000000	236.000000	236.000000	0.181773	0.180437
4	12	1.200000	499.000000	499.000000	499.000000	499.000000	0.256788	0.251444
4	12	1.200000	467.000000	467.000000	467.000000	467.000000	0.698965	0.695200
4	12	1.200000	355.000000	355.000000	355.000000	355.000000	0.232925	0.229743
5	15	1.200000	741.000000	741.000000	741.000000	741.000000	0.377740	0.386455
5	15	1.200000	565.000000	565.000000	565.000000	565.000000	0.303004	0.299678
5	15	1.200000	556.000000	556.000000	556.000000	556.000000	0.983693	0.928751
6	18	1.200000	795.000000	795.000000	795.000000	795.000000	0.587974	0.580036
6	18	1.200000	667.000000	667.000000	667.000000	667.000000	1.280050	1.267804
6	18	1.200000	736.000000	736.000000	736.000000	736.000000	0.372199	0.370936
7	21	1.200000	943.000000	943.000000	943.000000	943.000000	0.972725	0.927250
7	21	1.200000	952.000000	952.000000	952.000000	952.000000	0.647420	0.635479
7	21	1.200000	726.000000	726.000000	726.000000	726.000000	0.494234	0.500165
8	24	1.200000	1209.000000	1209.000000	1209.000000	1209.000000	0.882894	0.899042
8	24	1.200000	1050.000000	1050.000000	1050.000000	1050.000000	1.294030	1.288898
8	24	1.200000	943.000000	943.000000	943.000000	943.000000	0.522244	0.513765
9	27	1.200000	1112.000000	1112.000000	1112.000000	1112.000000	0.722287	0.742417
9	27	1.200000	1071.000000	1071.000000	1071.000000	1071.000000	1.008985	1.011085
9	27	1.200000	919.000000	919.000000	919.000000	919.000000	0.740592	0.720193
10	30	1.200000	1302.000000	1302.000000	1302.000000	1302.000000	2.237494	2.211561
10	30	1.200000	1555.000000	1555.000000	1555.000000	1555.000000	2.000642	1.991375
10	30	1.200000	1251.000000	1251.000000	1251.000000	1251.000000	1.506917	1.517807
11	33	1.200000	1740.400000	1714.000000	1740.400000	1714.000000	1.441547	1.440652
11	33	1.200000	1354.000000	1354.000000	1354.000000	1354.000000	3.819106	3.826509
11	33	1.200000	1463.000000	1463.000000	1463.000000	1463.000000	6.925514	6.904918
12	36	1.200000	1481.000000	1481.000000	1481.000000	1481.000000	3.660994	3.659768
12	36	1.200000	1452.000000	1452.000000	1452.000000	1452.000000	1.388657	1.367139
12	36	1.200000	1588.000000	1588.000000	1588.000000	1588.000000	1.740432	1.696252
13	39	1.200000	1738.000000	1738.000000	1738.000000	1738.000000	3.358433	3.362721
13	39	1.200000	1158.000000	1158.000000	1158.000000	1158.000000	3.167394	3.242772
13	39	1.200000	1297.000000	1297.000000	1297.000000	1297.000000	6.153042	6.147866
14	42	1.200000	1780.000000	1780.000000	1780.000000	1780.000000	4.118390	4.072068
14	42	1.200000	1569.000000	1569.000000	1569.000000	1569.000000	2.307774	2.331710
14	42	1.200000	1838.000000	1838.000000	1838.000000	1838.000000	1.844375	1.860795
15	45	1.200000	2043.000000	2043.000000	2043.000000	2043.000000	3.747108	3.754134
15	45	1.200000	1980.000000	1980.000000	1980.000000	1980.000000	5.776282	5.726571
15	45	1.200000	1984.000000	1984.000000	1984.000000	1984.000000	3.486154	3.493696
16	48	1.200000	2010.000000	2010.000000	2010.000000	2010.000000	2.087093	2.089260
16	48	1.200000	2067.000000	2067.000000	2067.000000	2067.000000	4.547327	4.562634
16	48	1.200000	2010.000000	2010.000000	2010.000000	2010.000000	2.342333	2.366838
17	51	1.200000	2609.600000	2576.000000	2609.600000	2576.000000	5.981559	6.034235
17	51	1.200000	1625.000000	1625.000000	1625.000000	1625.000000	5.313371	5.293446
17	51	1.200000	1865.000000	1865.000000	1865.000000	1865.000000	2.885498	2.852819
18	54	1.200000	2601.000000	2601.000000	2601.000000	2601.000000	3.604063	3.648827
18	54	1.200000	2477.000000	2477.000000	2477.000000	2477.000000	4.776527	4.846429
18	54	1.200000	2580.000000	2580.000000	2580.000000	2580.000000	3.563649	3.699952
19	57	1.200000	2270.000000	2234.000000	2270.000000	2234.000000	2.247407	2.256441
19	57	1.200000	2599.000000	2599.000000	2599.000000	2599.000000	3.907300	3.849545
19	57	1.200000	2275.000000	2275.000000	2275.000000	2275.000000	5.552742	5.538693
20	60	1.200000	1918.000000	1918.000000	1918.000000	1918.000000	7.619346	7.611303
20	60	1.200000	2143.000000	2143.000000	2143.000000	2143.000000	4.666346	4.673259
20	60	1.200000	2298.000000	2298.000000	2298.000000	2298.000000	9.734788	9.772405
21	63	1.200000	2631.000000	2631.000000	2631.000000	2631.000000	2.291583	2.320723
21	63	1.200000	2885.000000	2885.000000	2885.000000	2885.000000	5.093399	4.985212
21	63	1.200000	2799.000000	2799.000000	2799.000000	2799.000000	7.861121	7.907638
22	66	1.200000	2946.000000	2946.000000	2946.000000	2946.000000	8.844387	8.832236
22	66	1.200000	2665.000000	2665.000000	2665.000000	2665.000000	5.093716	5.101579
22	66	1.200000	2995.200000	2970.000000	2995.200000	2970.000000	8.602430	8.518792
23	69	1.200000	2735.000000	2735.000000	2735.000000	2735.000000	7.474763	7.447043
23	69	1.200000	2943.000000	2943.000000	2943.000000	2943.000000	7.652033	7.560978
23	69	1.200000	3054.000000	3054.000000	3054.000000	3054.000000	4.432576	4.402899
24	72	1.200000	3352.000000	3352.000000	3352.000000	3352.000000	5.103527	5.156318
24	72	1.200000	3136.000000	3136.000000	3136.000000	3136.000000	6.590690	5.979321
24	72	1.200000	3075.000000	3075.000000	3075.000000	3075.000000	6.214619	6.117531
25	75	1.200000	3462.000000	3462.000000	3462.000000	3462.000000	8.524099	8.548956
25	75	1.200000	3157.000000	3157.000000	3157.000000	3157.000000	7.412523	7.352304
25	75	1.200000	3657.000000	3657.000000	3657.000000	3657.000000	9.056326	9.059490
26	78	1.200000	3310.800000	3288.000000	3293.000000	3293.000000	12.319732	12.289042
26	78	1.200000	3323.000000	3323.000000	3323.000000	3323.000000	18.932252	18.921028
26	78	1.200000	3080.000000	3080.000000	3080.000000	3080.000000	11.731101	11.578739
27	81	1.200000	3679.000000	3679.000000	3679.000000	3679.000000	10.238362	10.217840
27	81	1.200000	3800.000000	3800.000000	3800.000000	3800.000000	8.415832	8.463931
27	81	1.200000	3903.000000	3903.000000	3903.000000	3903.000000	14.285777	14.076344
28	84	1.200000	3653.000000	3653.000000	3653.000000	3653.000000	14.910030	14.908386
28	84	1.200000	3522.000000	3522.000000	3522.000000	3522.000000	6.407258	6.453996
28	84	1.200000	3823.000000	3823.000000	3823.000000	3823.000000	5.467565	5.457920
29	87	1.200000	3472.000000	3472.000000	3472.000000	3472.000000	9.135786	9.118333
29	87	1.200000	3543.000000	3543.000000	3543.000000	3543.000000	12.360163	12.384989
29	87	1.200000	3842.000000	3842.000000	3842.000000	3842.000000	13.735944	13.762760
30	90	1.200000	4287.000000	4287.000000	4287.000000	4287.000000	14.974586	15.010777
30	90	1.200000	4004.000000	4004.000000	4004.000000	4004.000000	12.408452	12.345512
30	90	1.200000	4290.000000	4290.000000	4290.000000	4290.000000	6.607276	6.632420
31	93	1.200000	4601.400000	4569.000000	4601.400000	4569.000000	18.965610	18.908552
31	93	1.200000	3939.000000	3939.000000	3939.000000	3939.000000	7.743677	7.747903
31	93	1.200000	4396.200000	4371.000000	4374.000000	4374.000000	11.881148	11.986632
32	96	1.200000	4266.000000	4266.000000	4266.000000	4266.000000	18.614482	17.786356
32	96	1.200000	4141.000000	4141.000000	4141.000000	4141.000000	18.644188	18.460098
32	96	1.200000	4072.000000	4072.000000	4072.000000	4072.000000	18.013780	17.906973
33	99	1.200000	4078.000000	4078.000000	4078.000000	4078.000000	15.353707	15.123765
33	99	1.200000	4307.000000	4307.000000	4307.000000	4307.000000	22.358204	21.479031
33	99	1.200000	4082.000000	4082.000000	4082.000000	4082.000000	25.827787	26.054318
34	102	1.200000	4605.000000	4605.000000	4605.000000	4605.000000	7.848125	7.832376
34	102	1.200000	3842.000000	3842.000000	3842.000000	3842.000000	17.992191	18.112554
34	102	1.200000	4295.000000	4295.000000	4295.000000	4295.000000	11.258723	11.337915
35	105	1.200000	4056.600000	4029.000000	4056.600000	4029.000000	24.319321	24.001395
35	105	1.200000	4255.000000	4255.000000	4255.000000	4255.000000	15.008626	14.817445
35	105	1.200000	3814.000000	3814.000000	3814.000000	3814.000000	9.253844	9.350170
36	108	1.200000	4993.600000	4972.000000	4973.000000	4973.000000	20.557188	20.465803
36	108	1.200000	4548.000000	4548.000000	4548.000000	4548.000000	27.313604	27.155790
36	108	1.200000	4723.000000	4723.000000	4723.000000	4723.000000	24.424117	24.462859
37	111	1.200000	4903.000000	4903.000000	4903.000000	4903.000000	18.557287	18.545419
37	111	1.200000	4597.000000	4597.000000	4597.000000	4597.000000	20.499739	20.767677
37	111	1.200000	4395.000000	4395.000000	4395.000000	4395.000000	21.727198	21.794112
38	114	1.200000	4542.000000	4542.000000	4542.000000	4542.000000	17.754729	17.572668
38	114	1.200000	5104.000000	5104.000000	5104.000000	5104.000000	27.447702	27.350713
38	114	1.200000	4971.000000	4971.000000	4971.000000	4971.000000	12.189256	12.084346
39	117	1.200000	4923.000000	4923.000000	4923.000000	4923.000000	16.134857	15.800499
39	117	1.200000	4952.000000	4952.000000	4952.000000	4952.000000	13.273419	13.257985
39	117	1.200000	5187.000000	5187.000000	5187.000000	5187.000000	19.030865	18.899054
40	120	1.200000	5935.000000	5935.000000	5935.000000	5935.000000	34.943718	34.849766
40	120	1.200000	4792.000000	4792.000000	4792.000000	4792.000000	18.080513	18.007476
40	120	1.200000	5384.000000	5384.000000	5384.000000	5384.000000	18.903911	18.847257
41	123	1.200000	4976.000000	4976.000000	4976.000000	4976.000000	21.767662	21.396505
41	123	1.200000	6063.000000	6063.000000	6063.000000	6063.000000	23.323483	22.959968
41	123	1.200000	5418.200000	5405.000000	5418.200000	5405.000000	15.464157	15.502012
42	126	1.200000	4550.000000	4550.000000	4550.000000	4550.000000	26.317771	26.456157
42	126	1.200000	5619.000000	5619.000000	5619.000000	5619.000000	30.755521	30.652748
42	126	1.200000	5197.000000	5197.000000	5197.000000	5197.000000	13.187562	13.199563
43	129	1.200000	5165.000000	5165.000000	5165.000000	5165.000000	24.057220	23.611789
43	129	1.200000	5080.000000	5080.000000	5080.000000	5080.000000	15.723645	15.730763
43	129	1.200000	5705.400000	5685.000000	5705.400000	5685.000000	27.306594	27.242664
44	132	1.200000	5171.000000	5171.000000	5171.000000	5171.000000	30.717680	30.754260
44	132	1.200000	5760.000000	5760.000000	5760.000000	5760.000000	35.233281	35.391789
44	132	1.200000	5263.600000	5248.000000	5263.600000	5248.000000	37.388000	37.493855
45	135	1.200000	6026.000000	6026.000000	6026.000000	6026.000000	22.258819	22.997736
1	3	1.200000	166.000000	166.000000	166.000000	166.000000	0.082381	0.073222
1	3	1.200000	148.000000	148.000000	148.000000	148.000000	0.070869	0.070031
1	3	1.200000	188.000000	188.000000	188.000000	188.000000	0.209389	0.217955
2	6	1.200000	200.000000	200.000000	200.000000	200.000000	0.273397	0.261737
2	6	1.200000	221.000000	221.000000	221.000000	221.000000	0.123211	0.127431
2	6	1.200000	273.000000	273.000000	273.000000	273.000000	0.122629	0.124787
3	9	1.200000	340.000000	340.000000	340.000000	340.000000	0.182176	0.180818
3	9	1.200000	174.000000	174.000000	174.000000	174.000000	0.348923	0.294741
3	9	1.200000	157.000000	157.000000	157.000000	157.000000	0.284545	0.194561
4	12	1.200000	489.000000	489.000000	489.000000	489.000000	0.449472	0.492311
4	12	1.200000	480.000000	480.000000	480.000000	480.000000	0.249890	0.252939
4	12	1.200000	460.000000	460.000000	460.000000	460.000000	0.234301	0.234629
5	15	1.200000	805.000000	805.000000	805.000000	805.000000	0.522167	0.433936
5	15	1.200000	557.000000	557.000000	557.000000	557.000000	0.856053	0.771336
5	15	1.200000	690.000000	690.000000	690.000000	690.000000	0.371366	0.382669
6	18	1.200000	817.000000	817.000000	817.000000	817.000000	0.374833	0.424830
6	18	1.200000	900.000000	900.000000	900.000000	900.000000	1.461432	1.494336
6	18	1.200000	553.000000	553.000000	553.000000	553.000000	0.534858	0.541909
7	21	1.200000	742.000000	742.000000	742.000000	742.000000	0.480424	0.471796
7	21	1.200000	738.000000	738.000000	738.000000	738.000000	1.546576	1.556212
7	21	1.200000	1002.000000	1002.000000	1002.000000	1002.000000	0.724915	0.741398
8	24	1.200000	1153.000000	1153.000000	1153.000000	1153.000000	1.433436	1.411196
8	24	1.200000	1268.000000	1268.000000	1268.000000	1268.000000	0.546687	0.525919
8	24	1.200000	1113.000000	1113.000000	1113.000000	1113.000000	1.506692	1.515239
9	27	1.200000	1133.000000	1133.000000	1133.000000	1133.000000	1.008770	1.054834
9	27	1.200000	883.000000	883.000000	883.000000	883.000000	1.904190	1.891623
9	27	1.200000	1311.000000	1311.000000	1311.000000	1311.000000	3.412186	3.465677
10	30	1.200000	1347.000000	1347.000000	1347.000000	1347.000000	1.690938	1.672023
10	30	1.200000	1334.000000	1334.000000	1334.000000	1334.000000	1.111655	1.106601
10	30	1.200000	1457.000000	1457.000000	1457.000000	1457.000000	1.272751	1.285034
11	33	1.200000	1431.000000	1431.000000	1431.000000	1431.000000	2.124743	1.919572
11	33	1.200000	1195.000000	1195.000000	1195.000000	1195.000000	3.269959	3.256103
11	33	1.200000	1391.000000	1391.000000	1391.000000	1391.000000	1.280547	1.261148
12	36	1.200000	1711.000000	1711.000000	1711.000000	1711.000000	3.335576	3.323478
12	36	1.200000	1335.000000	1335.000000	1335.000000	1335.000000	4.386507	4.374768
12	36	1.200000	1608.000000	1608.000000	1608.000000	1608.000000	3.942761	3.910449
13	39	1.200000	1752.000000	1752.000000	1752.000000	1752.000000	3.979035	3.962131
13	39	1.200000	1564.000000	1564.000000	1564.000000	1564.000000	3.502332	3.507204
13	39	1.200000	1533.000000	1533.000000	1533.000000	1533.000000	2.632640	2.594699
14	42	1.200000	1556.000000	1556.000000	1556.000000	1556.000000	2.366486	2.420105
14	42	1.200000	1830.000000	1830.000000	1830.000000	1830.000000	1.463822	1.417544
14	42	1.200000	1689.000000	1689.000000	1689.000000	1689.000000	2.733697	2.792343
15	45	1.200000	1761.000000	1761.000000	1761.000000	1761.000000	9.426512	8.295478
15	45	1.200000	1892.000000	1892.000000	1892.000000	1892.000000	2.029747	2.016045
15	45	1.200000	2115.000000	2115.000000	2115.000000	2115.000000	5.133033	5.135561
16	48	1.200000	2154.000000	2154.000000	2154.000000	2154.000000	5.498959	5.442856
16	48	1.200000	2212.000000	2212.000000	2212.000000	2212.000000	9.866402	9.754799
16	48	1.200000	1830.000000	1830.000000	1830.000000	1830.000000	2.973718	3.005357
17	51	1.200000	2312.000000	2312.000000	2312.000000	2312.000000	2.377872	2.330196
17	51	1.200000	2219.000000	2219.000000	2219.000000	2219.000000	2.918900	2.963016
17	51	1.200000	1891.000000	1891.000000	1891.000000	1891.000000	3.490084	3.286786
18	54	1.200000	2501.000000	2501.000000	2501.000000	2501.000000	2.362726	2.356265
18	54	1.200000	2459.000000	2459.000000	2459.000000	2459.000000	4.274324	4.197192
18	54	1.200000	2469.000000	2469.000000	2469.000000	2469.000000	2.577094	2.534406
19	57	1.200000	2193.000000	2193.000000	2193.000000	2193.000000	4.561434	4.589644
19	57	1.200000	2294.000000	2294.000000	2294.000000	2294.000000	3.803659	3.781255
19	57	1.200000	2552.000000	2552.000000	2552.000000	2552.000000	6.228255	6.278677
20	60	1.200000	2408.200000	2377.000000	2408.200000	2377.000000	3.903471	3.871948
20	60	1.200000	2219.000000	2219.000000	2219.000000	2219.000000	2.315253	2.318550
20	60	1.200000	2390.000000	2390.000000	2390.000000	2390.000000	9.442004	9.420690
21	63	1.200000	2337.000000	2337.000000	2337.000000	2337.000000	7.435577	7.371323
21	63	1.200000	2952.000000	2952.000000	2952.000000	2952.000000	4.175691	4.169305
21	63	1.200000	2684.000000	2684.000000	2684.000000	2684.000000	5.739770	5.720087
22	66	1.200000	2593.000000	2593.000000	2593.000000	2593.000000	9.075518	9.663840
22	66	1.200000	3218.000000	3218.000000	3218.000000	3218.000000	14.607446	14.596256
22	66	1.200000	2762.000000	2762.000000	2762.000000	2762.000000	6.249508	6.306677
23	69	1.200000	3066.000000	3066.000000	3066.000000	3066.000000	3.869641	3.451531
23	69	1.200000	2709.000000	2709.000000	2709.000000	2709.000000	6.190603	6.156382
23	69	1.200000	3054.000000	3054.000000	3054.000000	3054.000000	4.336038	4.260699
24	72	1.200000	3242.200000	3211.000000	3242.200000	3211.000000	10.867259	10.940285
24	72	1.200000	3290.000000	3290.000000	3290.000000	3290.000000	20.018081	19.102380
24	72	1.200000	2680.000000	2680.000000	2680.000000	2680.000000	11.434015	11.437034
25	75	1.200000	3235.000000	3235.000000	3235.000000	3235.000000	5.764485	5.743262
25	75	1.200000	3285.000000	3285.000000	3285.000000	3285.000000	4.822987	4.898894
25	75	1.200000	3194.000000	3194.000000	3194.000000	3194.000000	11.838571	11.769559
26	78	1.200000	3372.000000	3372.000000	3372.000000	3372.000000	13.784718	13.568382
26	78	1.200000	3098.000000	3098.000000	3098.000000	3098.000000	11.513429	11.521360
26	78	1.200000	3728.000000	3698.000000	3728.000000	3698.000000	5.281351	5.241936
27	81	1.200000	3414.000000	3414.000000	3414.000000	3414.000000	16.138157	15.956846
27	81	1.200000	2764.000000	2764.000000	2764.000000	2764.000000	12.185183	12.043915
27	81	1.200000	3672.000000	3672.000000	3672.000000	3672.000000	10.899368	10.722269
28	84	1.200000	3693.400000	3625.000000	3677.400000	3627.000000	10.668908	10.551255
28	84	1.200000	3949.000000	3949.000000	3949.000000	3949.000000	16.086161	15.904894
28	84	1.200000	3232.000000	3232.000000	3232.000000	3232.000000	9.480403	9.352585
29	87	1.200000	3757.000000	3757.000000	3757.000000	3757.000000	11.015147	10.927520
29	87	1.200000	4052.000000	4052.000000	4052.000000	4052.000000	14.672247	14.520003
29	87	1.200000	4141.000000	4141.000000	4141.000000	4141.000000	12.815270	12.375181
30	90	1.200000	3832.000000	3832.000000	3832.000000	3832.000000	8.931892	9.370058
30	90	1.200000	3881.000000	3881.000000	3881.000000	3881.000000	13.781188	13.989175
30	90	1.200000	4531.000000	4531.000000	4531.000000	4531.000000	24.548327	24.326731
31	93	1.200000	4182.000000	4182.000000	4182.000000	4182.000000	13.033663	13.005041
31	93	1.200000	3957.000000	3957.000000	3957.000000	3957.000000	15.194726	15.154639
31	93	1.200000	3948.000000	3948.000000	3948.000000	3948.000000	6.962818	7.000863
32	96	1.200000	4653.000000	4653.000000	4653.000000	4653.000000	16.141123	16.139701
32	96	1.200000	4147.000000	4129.000000	4147.000000	4129.000000	13.460484	13.097848
32	96	1.200000	4206.000000	4206.000000	4206.000000	4206.000000	16.771413	16.838071
33	99	1.200000	4014.200000	3989.000000	4014.200000	3989.000000	16.131543	16.088117
33	99	1.200000	4043.600000	4040.000000	4043.600000	4040.000000	9.164201	9.087562
33	99	1.200000	4016.000000	4016.000000	4016.000000	4016.000000	17.683073	17.662753
34	102	1.200000	4012.000000	4012.000000	4012.000000	4012.000000	21.333460	21.250051
34	102	1.200000	4421.000000	4421.000000	4421.000000	4421.000000	19.711768	19.494200
34	102	1.200000	4336.000000	4336.000000	4336.000000	4336.000000	18.336073	18.237242
35	105	1.200000	3605.000000	3605.000000	3605.000000	3605.000000	24.045529	23.777517
35	105	1.200000	4197.000000	4197.000000	4197.000000	4197.000000	15.835575	15.797734
35	105	1.200000	4502.000000	4502.000000	4502.000000	4502.000000	13.631129	13.583538
36	108	1.200000	4249.000000	4249.000000	4249.000000	4249.000000	17.563970	17.465742
36	108	1.200000	4115.000000	4115.000000	4115.000000	4115.000000	14.062387	14.017860
36	108	1.200000	4851.000000	4851.000000	4851.000000	4851.000000	14.560645	14.590940
37	111	1.200000	4833.200000	4808.000000	4833.200000	4808.000000	14.294506	14.305933
37	111	1.200000	4672.000000	4660.000000	4667.000000	4667.000000	22.914223	22.978472
37	111	1.200000	4767.000000	4767.000000	4767.000000	4767.000000	11.946066	11.899245
38	114	1.200000	4156.000000	4156.000000	4156.000000	4156.000000	17.856765	17.851335
38	114	1.200000	4150.000000	4150.000000	4150.000000	4150.000000	34.203638	34.109239
38	114	1.200000	4898.000000	4898.000000	4898.000000	4898.000000	16.949412	17.412942
39	117	1.200000	5157.800000	5135.000000	5157.800000	5135.000000	30.114464	30.029810
39	117	1.200000	4047.000000	4047.000000	4047.000000	4047.000000	20.187746	20.019337
39	117	1.200000	4057.000000	4057.000000	4057.000000	4057.000000	14.786793	14.823524
40	120	1.200000	5485.000000	5485.000000	5485.000000	5485.000000	31.713133	31.535412
40	120	1.200000	4980.600000	4953.000000	4980.600000	4953.000000	23.498795	23.348957
40	120	1.200000	5166.000000	5166.000000	5166.000000	5166.000000	20.383363	20.364292
41	123	1.200000	5004.000000	5004.000000	5004.000000	5004.000000	27.229072	27.052996
41	123	1.200000	5449.000000	5449.000000	5449.000000	5449.000000	17.347456	17.334580
41	123	1.200000	4872.000000	4872.000000	4872.000000	4872.000000	15.187422	15.159391
42	126	1.200000	6447.800000	6401.000000	6447.800000	6401.000000	21.672234	21.555892
42	126	1.200000	5671.000000	5671.000000	5671.000000	5671.000000	33.968516	33.944162
42	126	1.200000	5271.000000	5271.000000	5271.000000	5271.000000	35.157925	35.167669
43	129	1.200000	5813.000000	5813.000000	5813.000000	5813.000000	17.377962	17.333349
43	129	1.200000	5443.000000	5443.000000	5443.000000	5443.000000	19.659925	19.611916
43	129	1.200000	5628.000000	5628.000000	5628.000000	5628.000000	17.736749	17.735760
44	132	1.200000	5594.000000	5594.000000	5594.000000	5594.000000	35.504354	35.430929
44	132	1.200000	5521.000000	5521.000000	5521.000000	5521.000000	20.265602	20.334682
44	132	1.200000	6486.200000	6401.000000	6486.200000	6401.000000	27.969324	27.941467
45	135	1.200000	6139.000000	6115.000000	6139.000000	6115.000000	22.986400	22.893361
45	135	1.200000	5440.000000	5440.000000	5440.000000	5440.000000	36.751665	36.528850
45	135	1.200000	5840.200000	5827.000000	5827.000000	5827.000000	24.320767	24.255159
46	138	1.200000	5474.000000	5474.000000	5474.000000	5474.000000	23.927582	23.895836
46	138	1.200000	5326.000000	5326.000000	5326.000000	5326.000000	27.430857	27.326396
46	138	1.200000	5377.000000	5377.000000	5377.000000	5377.000000	47.618141	47.558955
47	141	1.200000	6227.000000	6227.000000	6227.000000	6227.000000	44.490068	44.378055
47	141	1.200000	6339.000000	6339.000000	6339.000000	6339.000000	45.415893	45.393399
47	141	1.200000	5564.000000	5564.000000	5564.000000	5564.000000	34.043797	34.555391
48	144	1.200000	6143.000000	6071.000000	6104.400000	6072.000000	42.652590	41.775516
48	144	1.200000	5899.000000	5899.000000	5899.000000	5899.000000	40.837245	40.770597
48	144	1.200000	6070.000000	6070.000000	6070.000000	6070.000000	26.755043	26.685300
49	147	1.200000	6433.000000	6433.000000	6433.000000	6433.000000	32.398195	32.359756
49	147	1.200000	6872.000000	6872.000000	6872.000000	6872.000000	34.582103	34.496735
49	147	1.200000	6436.400000	6404.000000	6436.400000	6404.000000	20.409146	20.324294
50	150	1.200000	6881.400000	6855.000000	6881.400000	6855.000000	57.597912	57.079085
50	150	1.200000	6149.000000	6149.000000	6149.000000	6149.000000	18.738628	18.653250
50	150	1.200000	6819.000000	6819.000000	6819.000000	6819.000000	50.334784	50.222269
51	153	1.200000	7684.000000	7666.000000	7684.000000	7666.000000	19.917060	19.818869
51	153	1.200000	6559.600000	6538.000000	6550.000000	6550.000000	39.725791	39.560792
51	153	1.200000	7299.000000	7299.000000	7299.000000	7299.000000	39.795479	39.494980
52	156	1.200000	6300.000000	6300.000000	6300.000000	6300.000000	38.014460	38.069922
52	156	1.200000	6707.000000	6707.000000	6707.000000	6707.000000	27.468267	27.359626
52	156	1.200000	6660.600000	6639.000000	6660.600000	6639.000000	33.426486	33.312979
53	159	1.200000	7061.000000	7061.000000	7061.000000	7061.000000	47.071421	46.920922
53	159	1.200000	6478.600000	6445.000000	6478.600000	6445.000000	59.128674	58.940398
53	159	1.200000	7044.000000	7044.000000	7044.000000	7044.000000	29.032741	28.937280
54	162	1.200000	6643.800000	6627.000000	6643.800000	6627.000000	47.833246	47.726485
54	162	1.200000	6867.000000	6867.000000	6867.000000	6867.000000	35.556283	35.561540
54	162	1.200000	5587.000000	5587.000000	5587.000000	5587.000000	48.269223	48.104668
55	165	1.200000	7284.400000	7246.000000	7284.400000	7246.000000	35.654199	35.539951
55	165	1.200000	7145.000000	7145.000000	7145.000000	7145.000000	23.542809	23.518626
55	165	1.200000	6382.000000	6382.000000	6382.000000	6382.000000	38.048364	38.011431
56	168	1.200000	7383.000000	7383.000000	7383.000000	7383.000000	46.505521	46.343592
56	168	1.200000	7790.000000	7790.000000	7790.000000	7790.000000	45.267929	45.254071
56	168	1.200000	7590.000000	7590.000000	7590.000000	7590.000000	36.107423	36.101802
57	171	1.200000	6469.000000	6469.000000	6469.000000	6469.000000	50.669801	50.704074
57	171	1.200000	7118.000000	7118.000000	7118.000000	7118.000000	74.721108	76.016907
57	171	1.200000	6867.200000	6824.000000	6856.800000	6834.000000	43.543131	44.201917
58	174	1.200000	7510.000000	7510.000000	7510.000000	7510.000000	39.150656	38.333803
58	174	1.200000	7289.800000	7249.000000	7289.800000	7249.000000	41.020130	40.941651
58	174	1.200000	7104.000000	7104.000000	7104.000000	7104.000000	32.094067	31.985713
59	177	1.200000	7493.800000	7429.000000	7493.800000	7429.000000	64.030159	64.562711
59	177	1.200000	7347.000000	7347.000000	7347.000000	7347.000000	36.901803	35.817704
59	177	1.200000	7440.000000	7440.000000	7440.000000	7440.000000	56.446812	56.554358
60	180	1.200000	7491.000000	7491.000000	7491.000000	7491.000000	63.475972	63.135758
60	180	1.200000	7841.800000	7813.000000	7827.400000	7813.000000	45.248176	45.307555
60	180	1.200000	7889.000000	7889.000000	7889.000000	7889.000000	35.822693	35.791488
61	183	1.200000	8353.000000	8353.000000	8353.000000	8353.000000	51.540197	51.536997
61	183	1.200000	7910.600000	7865.000000	7910.600000	7865.000000	56.129199	56.496732
61	183	1.200000	7764.000000	7764.000000	7764.000000	7764.000000	41.015833	41.119360
62	186	1.200000	7422.400000	7408.000000	7418.000000	7418.000000	46.868526	46.514044
62	186	1.200000	7820.000000	7820.000000	7820.000000	7820.000000	49.785707	49.837050
62	186	1.200000	8237.800000	8209.000000	8237.800000	8209.000000	45.617255	45.544851
63	189	1.200000	7661.000000	7661.000000	7661.000000	7661.000000	48.768508	48.359476
63	189	1.200000	7463.000000	7463.000000	7463.000000	7463.000000	57.642501	57.930109
63	189	1.200000	8177.000000	8177.000000	8177.000000	8177.000000	79.133202	79.345297
64	192	1.200000	7325.000000	7325.000000	7325.000000	7325.000000	48.259984	48.237351
64	192	1.200000	8195.600000	8132.000000	8195.600000	8132.000000	59.698021	58.941777
64	192	1.200000	9445.000000	9445.000000	9445.000000	9445.000000	58.869980	59.008488
65	195	1.200000	7341.000000	7317.000000	7341.000000	7317.000000	37.830082	37.178948
65	195	1.200000	8067.600000	8046.000000	8067.600000	8046.000000	69.853861	68.514414
65	195	1.200000	8588.000000	8588.000000	8588.000000	8588.000000	46.311912	46.553594
66	198	1.200000	7844.400000	7788.000000	7830.000000	7794.000000	61.517438	62.065788
66	198	1.200000	8437.200000	8376.000000	8437.200000	8376.000000	48.824527	49.351394
66	198	1.200000	9066.600000	9021.000000	9046.000000	9028.000000	43.229936	43.694206
67	201	1.200000	8475.000000	8457.000000	8475.000000	8457.000000	60.369396	61.633999
67	201	1.200000	7929.000000	7929.000000	7929.000000	7929.000000	50.787104	50.007369
67	201	1.200000	7771.000000	7771.000000	7771.000000	7771.000000	55.753438	55.916659
68	204	1.200000	8236.000000	8206.000000	8236.000000	8206.000000	64.787493	64.068502
68	204	1.200000	8558.600000	8531.000000	8533.000000	8533.000000	59.482469	58.666101
68	204	1.200000	8660.600000	8585.000000	8660.600000	8585.000000	71.746440	70.856133
69	207	1.200000	9133.000000	9133.000000	9133.000000	9133.000000	91.436581	90.847726
69	207	1.200000	8122.600000	8095.000000	8122.600000	8095.000000	43.971190	44.075693
69	207	1.200000	8569.400000	8549.000000	8569.400000	8549.000000	76.714533	75.839958
70	210	1.200000	8853.000000	8853.000000	8853.000000	8853.000000	82.264448	82.541656
70	210	1.200000	8717.400000	8679.000000	8717.400000	8679.000000	82.667158	84.175249
70	210	1.200000	8445.400000	8431.000000	8445.400000	8431.000000	53.442091	53.470238
71	213	1.200000	8903.400000	8889.000000	8903.400000	8889.000000	99.255416	97.903194
71	213	1.200000	8267.000000	8267.000000	8267.000000	8267.000000	49.798258	49.620868
71	213	1.200000	9610.200000	9591.000000	9610.200000	9591.000000	65.365358	66.052092
